observation_date	B230RC0Q173SBEA	GDPDEF_20191220	NA000283Q	NA000304Q	NA000334Q_20191220
1947-01-01	143143	11.960	10208	14018	58497
1947-04-01	143790	12.131	10260	9202	60672
1947-07-01	144449	12.335	10394	9875	62196
1947-10-01	145122	12.639	9488	9719	68250
1948-01-01	145709	12.739	9493	14203	64258
1948-04-01	146289	12.854	9945	9115	66539
1948-07-01	146921	13.092	10456	9794	69378
1948-10-01	147607	13.132	11510	9264	74295
1949-01-01	148254	13.062	11542	11963	66185
1949-04-01	148847	12.931	11587	8078	66340
1949-07-01	149485	12.872	11570	9344	68625
1949-10-01	150167	12.873	11631	8475	71322
1950-01-01	150786	12.853	13460	12427	68032
1950-04-01	151319	12.897	11378	10558	70872
1950-07-01	151973	13.177	10365	12916	77178
1950-10-01	152658	13.425	11717	12902	83746
1951-01-01	153291	13.909	12810	19539	81603
1951-04-01	153902	14.002	14031	14429	84645
1951-07-01	154610	14.010	15418	14360	87586
1951-10-01	155344	14.170	16153	14587	93076
1952-01-01	155976	14.163	15769	19777	87610
1952-04-01	156587	14.180	16593	15027	88913
1952-07-01	157267	14.339	17483	15638	91270
1952-10-01	157986	14.378	18085	15369	99548
1953-01-01	158574	14.381	17827	21023	94008
1953-04-01	159160	14.409	18183	15836	97392
1953-07-01	159889	14.470	17783	17124	96695
1953-10-01	160639	14.497	18973	14624	101121
1954-01-01	161328	14.543	17748	19198	93581
1954-04-01	161983	14.556	17324	13583	96090
1954-07-01	162731	14.575	17474	15097	96905
1954-10-01	163524	14.615	17965	14633	103980
1955-01-01	164204	14.683	17808	17881	99833
1955-04-01	164864	14.744	17127	18512	104406
1955-07-01	165612	14.847	18155	17737	107058
1955-10-01	166419	14.995	18550	16942	114181
1956-01-01	167109	15.144	17907	19517	106892
1956-04-01	167788	15.234	18323	20234	110356
1956-07-01	168573	15.425	18388	18302	111816
1956-10-01	169416	15.487	19818	17790	120287
1957-01-01	170172	15.700	19883	20794	113459
1957-04-01	170869	15.810	20024	21664	117125
1957-07-01	171638	15.904	20570	19383	119108
1957-10-01	172417	15.915	21466	17476	124349
1958-01-01	173064	16.087	21017	18781	113202
1958-04-01	173729	16.134	21642	19854	117802
1958-07-01	174483	16.232	22482	18907	120079
1958-10-01	175288	16.309	22977	18514	130149
1959-01-01	176045	16.347	22035	20121	123707
1959-04-01	176727	16.372	22526	22441	131641
1959-07-01	177481	16.435	23367	21665	130194
1959-10-01	178268	16.499	22580	22375	136112
1960-01-01	179319	16.566	22495	22841	131022
1960-04-01	180401	16.607	23333	24165	136488
1960-07-01	181301	16.665	23533	23132	135021
1960-10-01	182019	16.714	24037	23417	139850
1961-01-01	182634	16.750	23982	22125	132138
1961-04-01	183337	16.789	25290	24183	140168
1961-07-01	184103	16.832	24915	23696	140509
1961-10-01	184894	16.885	25624	25075	149394
1962-01-01	185553	16.972	26366	23965	144274
1962-04-01	186203	16.999	26634	26207	150952
1962-07-01	186926	17.035	27806	25833	150614
1962-10-01	187680	17.070	27751	27182	158078
1963-01-01	188299	17.145	27791	26362	150949
1963-04-01	188906	17.175	27918	28967	158886
1963-07-01	189631	17.198	29371	27781	159597
1963-10-01	190362	17.337	28419	28226	168017
1964-01-01	190954	17.392	29160	26434	162413
1964-04-01	191560	17.432	29254	28751	170097
1964-07-01	192256	17.502	30737	27745	171593
1964-10-01	192938	17.581	29060	28388	180356
1965-01-01	193467	17.670	29667	28598	173462
1965-04-01	193994	17.751	30530	31046	183818
1965-07-01	194647	17.819	33257	29452	185525
1965-10-01	195279	17.942	32487	31331	199483
1966-01-01	195763	18.057	33520	31277	191022
1966-04-01	196277	18.205	34916	35329	201635
1966-07-01	196877	18.381	38487	34703	203439
1966-10-01	197481	18.535	37451	36078	217316
1967-01-01	197967	18.612	40032	34500	204098
1967-04-01	198455	18.707	40567	36910	213246
1967-07-01	199012	18.886	43051	36495	214456
1967-10-01	199572	19.096	42116	38352	228140
1968-01-01	199995	19.308	43940	38440	218405
1968-04-01	200452	19.511	45791	42246	234781
1968-07-01	200997	19.703	47929	43919	235737
1968-10-01	201538	19.981	46668	45972	251704
1969-01-01	201955	20.187	46556	45784	238912
1969-04-01	202419	20.444	48613	49609	254764
1969-07-01	202986	20.731	51589	47618	255302
1969-10-01	203584	20.998	50225	48823	268638
1970-01-01	204086	21.294	51453	45466	253998
1970-04-01	204721	21.591	55218	48007	268532
1970-07-01	205419	21.768	57762	45890	268019
1970-10-01	206130	22.056	55514	45765	282764
1971-01-01	206763	22.391	57845	45023	273782
1971-04-01	207362	22.685	61019	48681	291216
1971-07-01	208000	22.916	61860	47550	291043
1971-10-01	208642	23.107	60877	49454	308808
1972-01-01	209142	23.458	64172	49988	299204
1972-04-01	209637	23.604	67346	55296	318894
1972-07-01	210181	23.830	66730	55444	319052
1972-10-01	210737	24.134	69771	58281	341962
1973-01-01	211192	24.412	70322	57176	333807
1973-04-01	211663	24.787	72462	63116	354356
1973-07-01	212191	25.270	72838	63422	354349
1973-10-01	212708	25.773	71933	65531	382865
1974-01-01	213144	26.260	75812	64054	361840
1974-04-01	213602	26.880	79644	71029	384120
1974-07-01	214147	27.668	80362	72660	385975
1974-10-01	214700	28.482	84032	70759	413310
1975-01-01	215135	29.129	89569	65172	391688
1975-04-01	215652	29.562	95285	63061	414253
1975-07-01	216289	30.084	93386	73437	423323
1975-10-01	216848	30.587	96519	75165	455641
1976-01-01	217314	30.911	99687	74697	441178
1976-04-01	217776	31.222	99305	82091	465343
1976-07-01	218338	31.626	100816	82645	466535
1976-10-01	218917	32.192	103677	83154	500358
1977-01-01	219427	32.711	105994	82575	481996
1977-04-01	219956	33.172	107581	93004	515010
1977-07-01	220573	33.576	109872	93687	526844
1977-10-01	221201	34.301	113869	94604	557979
1978-01-01	221719	34.800	117694	92603	534990
1978-04-01	222281	35.465	120300	106597	583171
1978-07-01	222933	36.067	121714	109527	596032
1978-10-01	223583	36.806	126154	115098	637402
1979-01-01	224152	37.476	128768	112349	618499
1979-04-01	224737	38.394	131279	122092	648326
1979-07-01	225418	39.234	134658	124687	658706
1979-10-01	226117	39.962	139684	127896	701800
1980-01-01	226754	40.801	148151	124990	683564
1980-04-01	227389	41.772	152038	131234	698570
1980-07-01	228070	42.705	157740	134796	707671
1980-10-01	228689	43.818	164527	142675	767505
1981-01-01	229155	44.972	172401	145857	758799
1981-04-01	229674	45.863	173563	156228	791530
1981-07-01	230301	46.726	178350	158901	811659
1981-10-01	230903	47.534	184822	160077	845052
1982-01-01	231395	48.188	189630	149065	803715
1982-04-01	231906	48.814	191797	157036	831458
1982-07-01	232498	49.506	196697	156948	834528
1982-10-01	233074	50.019	207890	155614	874081
1983-01-01	233546	50.397	208758	148808	850380
1983-04-01	234028	50.771	212526	162159	895388
1983-07-01	234603	51.311	212999	164719	916516
1983-10-01	235153	51.700	217661	169080	971755
1984-01-01	235605	52.223	222397	168038	962905
1984-04-01	236082	52.670	222968	181225	1002687
1984-07-01	236657	53.138	225349	179826	1011924
1984-10-01	237232	53.536	236970	182077	1060096
1985-01-01	237673	54.065	240505	189307	1033006
1985-04-01	238176	54.413	241853	191430	1073981
1985-07-01	238789	54.741	242861	197502	1090905
1985-10-01	239387	55.047	249751	197488	1141088
1986-01-01	239861	55.321	251363	197288	1104498
1986-04-01	240368	55.531	260580	208747	1138030
1986-07-01	240962	55.758	260230	205224	1148813
1986-10-01	241539	56.062	261676	206650	1188288
1987-01-01	242009	56.418	263462	213082	1148876
1987-04-01	242520	56.809	264314	235000	1205023
1987-07-01	243120	57.239	262983	225544	1218373
1987-10-01	243721	57.695	274471	225865	1282952
1988-01-01	244208	58.147	278364	228640	1236534
1988-04-01	244716	58.713	276979	245515	1297399
1988-07-01	245354	59.415	273985	242322	1319724
1988-10-01	245966	59.929	293058	245956	1382783
1989-01-01	246460	60.553	296654	253282	1346036
1989-04-01	247017	61.198	299269	266768	1405607
1989-07-01	247698	61.645	295865	261606	1418867
1989-10-01	248374	62.084	310048	260817	1471062
1990-01-01	248936	62.754	317995	258498	1434375
1990-04-01	249711	63.457	322405	278240	1490965
1990-07-01	250595	64.001	319547	275665	1499694
1990-10-01	251482	64.477	330952	275226	1538100
1991-01-01	252258	65.109	320185	266433	1475270
1991-04-01	253063	65.587	338309	285121	1532427
1991-07-01	253965	66.099	338763	279255	1548990
1991-10-01	254835	66.492	358975	277017	1601443
1992-01-01	255585	66.739	365271	278955	1554707
1992-04-01	256439	67.140	368908	298302	1619581
1992-07-01	257386	67.468	368442	286390	1640744
1992-10-01	258277	67.932	386235	290707	1705290
1993-01-01	259039	68.313	378122	292464	1638139
1993-04-01	259826	68.719	384836	315275	1701841
1993-07-01	260714	69.128	386655	311226	1724719
1993-10-01	261547	69.505	394972	312074	1793877
1994-01-01	262250	69.837	390432	313051	1736467
1994-04-01	263020	70.174	390691	343031	1809582
1994-07-01	263870	70.577	397657	337690	1837424
1994-10-01	264678	70.960	406192	335573	1903763
1995-01-01	265388	71.344	412466	337989	1835147
1995-04-01	266142	71.687	415960	365332	1897424
1995-07-01	267000	72.040	415830	360670	1922827
1995-10-01	267820	72.387	415282	353441	1984353
1996-01-01	268487	72.736	425523	360890	1925313
1996-04-01	269251	73.037	426516	395640	2005112
1996-07-01	270128	73.276	427184	390036	2035152
1996-10-01	270991	73.668	436514	389781	2107553
1997-01-01	271709	74.107	433187	394774	2043518
1997-04-01	272487	74.257	438768	424369	2129626
1997-07-01	273391	74.579	435601	426136	2166497
1997-10-01	274246	74.824	451796	422108	2237911
1998-01-01	274950	74.933	439345	427185	2160749
1998-04-01	275703	75.110	445251	455865	2249930
1998-07-01	276564	75.433	443702	456297	2281444
1998-10-01	277400	75.641	460154	450491	2370698
1999-01-01	278103	75.926	448516	450780	2293218
1999-04-01	278864	76.201	456892	486553	2388561
1999-07-01	279751	76.462	458099	484904	2423833
1999-10-01	280592	76.873	473945	484339	2525048
2000-01-01	281304	77.396	468339	499415	2449139
2000-04-01	282002	77.865	479841	531090	2569476
2000-07-01	282769	78.309	472624	523874	2578060
2000-10-01	283518	78.723	487920	514033	2655679
2001-01-01	284169	79.204	497390	511923	2562436
2001-04-01	284838	79.683	503503	538051	2656364
2001-07-01	285584	80.004	501262	484850	2651331
2001-10-01	286311	80.268	515013	497385	2711685
2002-01-01	286935	80.533	521169	459385	2631502
2002-04-01	287574	80.821	536796	477420	2724224
2002-07-01	288303	81.194	534208	455165	2753434
2002-10-01	289007	81.654	546415	478802	2827263
2003-01-01	289609	82.025	555653	474248	2744149
2003-04-01	290253	82.266	578319	485739	2832509
2003-07-01	290974	82.712	574240	436926	2887132
2003-10-01	291669	83.201	584777	498694	2994460
2004-01-01	292237	83.820	595564	485541	2922104
2004-04-01	292875	84.504	602396	510005	3033260
2004-07-01	293603	85.056	604329	484576	3068978
2004-10-01	294334	85.712	618903	547580	3189392
2005-01-01	294957	86.391	635209	551221	3109156
2005-04-01	295588	86.996	647593	578206	3231134
2005-07-01	296340	87.783	649491	566009	3305748
2005-10-01	297086	88.489	665847	608945	3390598
2006-01-01	297736	89.107	680871	621752	3334041
2006-04-01	298408	89.852	695247	634520	3462006
2006-07-01	299180	90.481	692371	612554	3463172
2006-10-01	299946	90.815	691734	669456	3555390
2007-01-01	300609	91.708	715728	668532	3479565
2007-04-01	301284	92.301	734001	677382	3610965
2007-07-01	302062	92.776	732086	644471	3630580
2007-10-01	302829	93.145	745674	677425	3730752
2008-01-01	303494	93.489	760446	665451	3643352
2008-04-01	304160	93.990	851918	662483	3704567
2008-07-01	304902	94.690	802786	619032	3682872
2008-10-01	305616	94.986	790464	633708	3682056
2009-01-01	306237	94.976	814350	558576	3510967
2009-04-01	306866	94.838	892427	562519	3593534
2009-07-01	307573	94.938	882711	529376	3617046
2009-10-01	308285	95.259	893157	588998	3727386
2010-01-01	308901	95.499	924543	588501	3592249
2010-04-01	309460	95.943	941401	613053	3744069
2010-07-01	310062	96.222	941439	593737	3778575
2010-10-01	310675	96.763	955004	648734	3877159
2011-01-01	311176	97.283	945568	645192	3748311
2011-04-01	311684	97.922	974595	643699	3881126
2011-07-01	312293	98.553	942983	623751	3913784
2011-10-01	312887	98.703	943772	660136	3999363
2012-01-01	313385	99.320	935994	678567	3947585
2012-04-01	313888	99.713	952167	678980	4036139
2012-07-01	314488	100.225	938544	639950	4071213
2012-10-01	315085	100.737	946329	702850	4142070
2013-01-01	315539	101.139	932700	731408	4049584
2013-04-01	316020	101.431	953555	817796	4163863
2013-07-01	316626	101.918	948801	750520	4234415
2013-10-01	317244	102.517	935702	839266	4336990
2014-01-01	317760	102.937	952177	835237	4193475
2014-04-01	318287	103.512	979817	833658	4355448
2014-07-01	318921	103.957	987377	791868	4449960
2014-10-01	319557	104.123	969981	831239	4528375
2015-01-01	320058	104.090	993274	847594	4381185
2015-04-01	320578	104.675	996727	861914	4563206
2015-07-01	321205	105.048	1010059	821841	4614948
2015-10-01	321831	105.049	1008195	916691	4665441
2016-01-01	322354	104.941	1019799	855129	4488764
2016-04-01	322871	105.657	1026214	870405	4678299
2016-07-01	323473	106.043	1045312	858503	4734573
2016-10-01	324048	106.551	1041129	879297	4813405
2017-01-01	324496	107.058	1049370	908751	4649728
2017-04-01	324948	107.411	1050634	885429	4863682
2017-07-01	325475	107.973	1067930	845627	4940866
2017-10-01	325963	108.713	1078830	884526	5065149
2018-01-01	326325	109.355	1103263	896880	4917129
2018-04-01	326703	110.281	1116144	888635	5141726
2018-07-01	327167	110.767	1133709	861183	5209973
2018-10-01	327602	111.256	1146196	920925	5311394
2019-01-01	327923	111.473	1171749	936466	5148400
2019-04-01	328270	112.188	1185713	936183	5360917
2019-07-01	328730	112.664	1198912	892550	5404652
2019-10-01	329186		1201771	945961	
2020-01-01	329529		1228577	967466	
2020-04-01	329898		2278693	867508	
2020-07-01	330368		1801617	882041	
