DATE	SMU12455400500000001	SMU12455400500000001_CCA	SMU12455400500000001_CCH	SMU12455400500000001_CH1	SMU12455400500000001_CHG	SMU12455400500000001_LOG	SMU12455400500000001_PC1	SMU12455400500000001_PCA	SMU12455400500000001_PCH	SMU12455400500000002	SMU12455400500000002_CCA	SMU12455400500000002_CCH	SMU12455400500000002_CH1	SMU12455400500000002_CHG	SMU12455400500000002_LOG	SMU12455400500000002_PC1	SMU12455400500000002_PCA	SMU12455400500000002_PCH	SMU12455400500000003	SMU12455400500000003_CCA	SMU12455400500000003_CCH	SMU12455400500000003_CH1	SMU12455400500000003_CHG	SMU12455400500000003_LOG	SMU12455400500000003_PC1	SMU12455400500000003_PCA	SMU12455400500000003_PCH	SMU12455400500000011	SMU12455400500000011_CCA	SMU12455400500000011_CCH	SMU12455400500000011_CH1	SMU12455400500000011_CHG	SMU12455400500000011_LOG	SMU12455400500000011_PC1	SMU12455400500000011_PCA	SMU12455400500000011_PCH	SMU12455400800000001	SMU12455400800000001_CCA	SMU12455400800000001_CCH	SMU12455400800000001_CH1	SMU12455400800000001_CHG	SMU12455400800000001_LOG	SMU12455400800000001_PC1	SMU12455400800000001_PCA	SMU12455400800000001_PCH
1990-01-01	6.0	.	.	.	.	1.79176	.	.	.																												4.4	.	.	.	.	1.48160	.	.	.
1990-02-01	5.9	-20.16854	-1.68071	.	-0.1	1.77495	.	-18.26480	-1.66667																												4.4	0.00000	0.00000	.	0.0	1.48160	.	0.00000	0.00000
1990-03-01	6.0	20.16854	1.68071	.	0.1	1.79176	.	22.34631	1.69492																												4.4	0.00000	0.00000	.	0.0	1.48160	.	0.00000	0.00000
1990-04-01	5.9	-20.16854	-1.68071	.	-0.1	1.77495	.	-18.26480	-1.66667																												4.4	0.00000	0.00000	.	0.0	1.48160	.	0.00000	0.00000
1990-05-01	6.0	20.16854	1.68071	.	0.1	1.79176	.	22.34631	1.69492																												4.4	0.00000	0.00000	.	0.0	1.48160	.	0.00000	0.00000
1990-06-01	5.8	-40.68186	-3.39016	.	-0.2	1.75786	.	-33.42351	-3.33333																												4.3	-27.58742	-2.29895	.	-0.1	1.45862	.	-24.10916	-2.27273
1990-07-01	5.8	0.00000	0.00000	.	0.0	1.75786	.	0.00000	0.00000																												4.3	0.00000	0.00000	.	0.0	1.45862	.	0.00000	0.00000
1990-08-01	5.9	20.51332	1.70944	.	0.1	1.77495	.	22.76886	1.72414																												4.3	0.00000	0.00000	.	0.0	1.45862	.	0.00000	0.00000
1990-09-01	5.9	0.00000	0.00000	.	0.0	1.77495	.	0.00000	0.00000																												4.3	0.00000	0.00000	.	0.0	1.45862	.	0.00000	0.00000
1990-10-01	5.6	-62.62290	-5.21858	.	-0.3	1.72277	.	-46.53960	-5.08475																												4.1	-57.15366	-4.76280	.	-0.2	1.41099	.	-43.53429	-4.65116
1990-11-01	5.6	0.00000	0.00000	.	0.0	1.72277	.	0.00000	0.00000																												4.2	28.91706	2.40976	.	0.1	1.43508	.	33.53195	2.43902
1990-12-01	5.5	-21.62221	-1.80185	.	-0.1	1.70475	.	-19.44436	-1.78571																												4.1	-28.91706	-2.40976	.	-0.1	1.41099	.	-25.11156	-2.38095
1991-01-01	5.5	0.00000	0.00000	-0.5	0.0	1.70475	-8.33333	0.00000	0.00000																												4.1	0.00000	0.00000	-0.3	0.0	1.41099	-6.81818	0.00000	0.00000
1991-02-01	5.5	0.00000	0.00000	-0.4	0.0	1.70475	-6.77966	0.00000	0.00000																												4.2	28.91706	2.40976	-0.2	0.1	1.43508	-4.54545	33.53195	2.43902
1991-03-01	5.6	21.62221	1.80185	-0.4	0.1	1.72277	-6.66667	24.13780	1.81818																												4.2	0.00000	0.00000	-0.2	0.0	1.43508	-4.54545	0.00000	0.00000
1991-04-01	5.6	0.00000	0.00000	-0.3	0.0	1.72277	-5.08475	0.00000	0.00000																												4.3	28.23660	2.35305	-0.1	0.1	1.45862	-2.27273	32.62640	2.38095
1991-05-01	5.6	0.00000	0.00000	-0.4	0.0	1.72277	-6.66667	0.00000	0.00000																												4.3	0.00000	0.00000	-0.1	0.0	1.45862	-2.27273	0.00000	0.00000
1991-06-01	5.5	-21.62221	-1.80185	-0.3	-0.1	1.70475	-5.17241	-19.44436	-1.78571																												4.2	-28.23660	-2.35305	-0.1	-0.1	1.43508	-2.32558	-24.60023	-2.32558
1991-07-01	5.3	-44.44953	-3.70413	-0.5	-0.2	1.66771	-8.62069	-35.88522	-3.63636																												4.0	-58.54820	-4.87902	-0.3	-0.2	1.38629	-6.97674	-44.31626	-4.76190
1991-08-01	5.4	22.43056	1.86921	-0.5	0.1	1.68640	-8.47458	25.14534	1.88679																												4.0	0.00000	0.00000	-0.3	0.0	1.38629	-6.97674	0.00000	0.00000
1991-09-01	5.3	-22.43056	-1.86921	-0.6	-0.1	1.66771	-10.16949	-20.09291	-1.85185																												3.9	-30.38137	-2.53178	-0.4	-0.1	1.36098	-9.30233	-26.20017	-2.50000
1991-10-01	5.3	0.00000	0.00000	-0.3	0.0	1.66771	-5.35714	0.00000	0.00000																												3.9	0.00000	0.00000	-0.2	0.0	1.36098	-4.87805	0.00000	0.00000
1991-11-01	5.4	22.43056	1.86921	-0.2	0.1	1.68640	-3.57143	25.14534	1.88679																												4.0	30.38137	2.53178	-0.2	0.1	1.38629	-4.76190	35.50166	2.56410
1991-12-01	5.5	22.01897	1.83491	0.0	0.1	1.70475	0.00000	24.63131	1.85185																												4.0	0.00000	0.00000	-0.1	0.0	1.38629	-2.43902	0.00000	0.00000
1992-01-01	5.4	-22.01897	-1.83491	-0.1	-0.1	1.68640	-1.81818	-19.76334	-1.81818																												4.0	0.00000	0.00000	-0.1	0.0	1.38629	-2.43902	0.00000	0.00000
1992-02-01	5.4	0.00000	0.00000	-0.1	0.0	1.68640	-1.81818	0.00000	0.00000																												4.0	0.00000	0.00000	-0.2	0.0	1.38629	-4.76190	0.00000	0.00000
1992-03-01	5.4	0.00000	0.00000	-0.2	0.0	1.68640	-3.57143	0.00000	0.00000																												4.0	0.00000	0.00000	-0.2	0.0	1.38629	-4.76190	0.00000	0.00000
1992-04-01	5.4	0.00000	0.00000	-0.2	0.0	1.68640	-3.57143	0.00000	0.00000																												4.0	0.00000	0.00000	-0.3	0.0	1.38629	-6.97674	0.00000	0.00000
1992-05-01	5.3	-22.43056	-1.86921	-0.3	-0.1	1.66771	-5.35714	-20.09291	-1.85185																												3.9	-30.38137	-2.53178	-0.4	-0.1	1.36098	-9.30233	-26.20017	-2.50000
1992-06-01	5.3	0.00000	0.00000	-0.2	0.0	1.66771	-3.63636	0.00000	0.00000																												3.9	0.00000	0.00000	-0.3	0.0	1.36098	-7.14286	0.00000	0.00000
1992-07-01	5.4	22.43056	1.86921	0.1	0.1	1.68640	1.88679	25.14534	1.88679																												4.0	30.38137	2.53178	0.0	0.1	1.38629	0.00000	35.50166	2.56410
1992-08-01	5.3	-22.43056	-1.86921	-0.1	-0.1	1.66771	-1.85185	-20.09291	-1.85185																												3.9	-30.38137	-2.53178	-0.1	-0.1	1.36098	-2.50000	-26.20017	-2.50000
1992-09-01	5.3	0.00000	0.00000	0.0	0.0	1.66771	0.00000	0.00000	0.00000																												3.9	0.00000	0.00000	0.0	0.0	1.36098	0.00000	0.00000	0.00000
1992-10-01	5.4	22.43056	1.86921	0.1	0.1	1.68640	1.88679	25.14534	1.88679																												4.0	30.38137	2.53178	0.1	0.1	1.38629	2.56410	35.50166	2.56410
1992-11-01	5.6	43.64117	3.63676	0.2	0.2	1.72277	3.70370	54.71457	3.70370																												4.1	29.63114	2.46926	0.1	0.1	1.41099	2.50000	34.48888	2.50000
1992-12-01	5.7	21.23949	1.76996	0.2	0.1	1.74047	3.63636	23.66362	1.78571																												4.2	28.91706	2.40976	0.2	0.1	1.43508	5.00000	33.53195	2.43902
1993-01-01	5.4	-64.88067	-5.40672	0.0	-0.3	1.68640	0.00000	-47.73309	-5.26316																												4.0	-58.54820	-4.87902	0.0	-0.2	1.38629	0.00000	-44.31626	-4.76190
1993-02-01	5.5	22.01897	1.83491	0.1	0.1	1.70475	1.85185	24.63131	1.85185																												4.1	29.63114	2.46926	0.1	0.1	1.41099	2.50000	34.48888	2.50000
1993-03-01	5.6	21.62221	1.80185	0.2	0.1	1.72277	3.70370	24.13780	1.81818																												4.2	28.91706	2.40976	0.2	0.1	1.43508	5.00000	33.53195	2.43902
1993-04-01	5.6	0.00000	0.00000	0.2	0.0	1.72277	3.70370	0.00000	0.00000																												4.2	0.00000	0.00000	0.2	0.0	1.43508	5.00000	0.00000	0.00000
1993-05-01	5.6	0.00000	0.00000	0.3	0.0	1.72277	5.66038	0.00000	0.00000																												4.2	0.00000	0.00000	0.3	0.0	1.43508	7.69231	0.00000	0.00000
1993-06-01	5.6	0.00000	0.00000	0.3	0.0	1.72277	5.66038	0.00000	0.00000																												4.2	0.00000	0.00000	0.3	0.0	1.43508	7.69231	0.00000	0.00000
1993-07-01	5.4	-43.64117	-3.63676	0.0	-0.2	1.68640	0.00000	-35.36485	-3.57143																												4.0	-58.54820	-4.87902	0.0	-0.2	1.38629	0.00000	-44.31626	-4.76190
1993-08-01	5.4	0.00000	0.00000	0.1	0.0	1.68640	1.88679	0.00000	0.00000																												4.0	0.00000	0.00000	0.1	0.0	1.38629	2.56410	0.00000	0.00000
1993-09-01	5.5	22.01897	1.83491	0.2	0.1	1.70475	3.77358	24.63131	1.85185																												4.0	0.00000	0.00000	0.1	0.0	1.38629	2.56410	0.00000	0.00000
1993-10-01	5.5	0.00000	0.00000	0.1	0.0	1.70475	1.85185	0.00000	0.00000																												4.0	0.00000	0.00000	0.0	0.0	1.38629	0.00000	0.00000	0.00000
1993-11-01	5.5	0.00000	0.00000	-0.1	0.0	1.70475	-1.78571	0.00000	0.00000																												4.0	0.00000	0.00000	-0.1	0.0	1.38629	-2.43902	0.00000	0.00000
1993-12-01	5.5	0.00000	0.00000	-0.2	0.0	1.70475	-3.50877	0.00000	0.00000																												4.0	0.00000	0.00000	-0.2	0.0	1.38629	-4.76190	0.00000	0.00000
1994-01-01	5.8	63.73179	5.31098	0.4	0.3	1.75786	7.40741	89.14012	5.45455																												4.3	86.78479	7.23207	0.3	0.3	1.45862	7.50000	138.17796	7.50000
1994-02-01	5.8	0.00000	0.00000	0.3	0.0	1.75786	5.45455	0.00000	0.00000																												4.3	0.00000	0.00000	0.2	0.0	1.45862	4.87805	0.00000	0.00000
1994-03-01	5.9	20.51332	1.70944	0.3	0.1	1.77495	5.35714	22.76886	1.72414																												4.3	0.00000	0.00000	0.1	0.0	1.45862	2.38095	0.00000	0.00000
1994-04-01	5.9	0.00000	0.00000	0.3	0.0	1.77495	5.35714	0.00000	0.00000																												4.3	0.00000	0.00000	0.1	0.0	1.45862	2.38095	0.00000	0.00000
1994-05-01	5.9	0.00000	0.00000	0.3	0.0	1.77495	5.35714	0.00000	0.00000																												4.3	0.00000	0.00000	0.1	0.0	1.45862	2.38095	0.00000	0.00000
1994-06-01	5.8	-20.51332	-1.70944	0.2	-0.1	1.75786	3.57143	-18.54612	-1.69492																												4.3	0.00000	0.00000	0.1	0.0	1.45862	2.38095	0.00000	0.00000
1994-07-01	5.8	0.00000	0.00000	0.4	0.0	1.75786	7.40741	0.00000	0.00000																												4.2	-28.23660	-2.35305	0.2	-0.1	1.43508	5.00000	-24.60023	-2.32558
1994-08-01	5.7	-20.87009	-1.73917	0.3	-0.1	1.74047	5.55556	-18.83620	-1.72414																												4.2	0.00000	0.00000	0.2	0.0	1.43508	5.00000	0.00000	0.00000
1994-09-01	5.8	20.87009	1.73917	0.3	0.1	1.75786	5.45455	23.20764	1.75439																												4.2	0.00000	0.00000	0.2	0.0	1.43508	5.00000	0.00000	0.00000
1994-10-01	5.7	-20.87009	-1.73917	0.2	-0.1	1.74047	3.63636	-18.83620	-1.72414																												4.1	-28.91706	-2.40976	0.1	-0.1	1.41099	2.50000	-25.11156	-2.38095
1994-11-01	5.9	41.38341	3.44862	0.4	0.2	1.77495	7.27273	51.26062	3.50877																												4.2	28.91706	2.40976	0.2	0.1	1.43508	5.00000	33.53195	2.43902
1994-12-01	5.9	0.00000	0.00000	0.4	0.0	1.77495	7.27273	0.00000	0.00000																												4.2	0.00000	0.00000	0.2	0.0	1.43508	5.00000	0.00000	0.00000
1995-01-01	5.9	0.00000	0.00000	0.1	0.0	1.77495	1.72414	0.00000	0.00000																												4.2	0.00000	0.00000	-0.1	0.0	1.43508	-2.32558	0.00000	0.00000
1995-02-01	5.9	0.00000	0.00000	0.1	0.0	1.77495	1.72414	0.00000	0.00000																												4.2	0.00000	0.00000	-0.1	0.0	1.43508	-2.32558	0.00000	0.00000
1995-03-01	6.1	40.00370	3.33364	0.2	0.2	1.80829	3.38983	49.18800	3.38983																												4.3	28.23660	2.35305	0.0	0.1	1.45862	0.00000	32.62640	2.38095
1995-04-01	6.1	0.00000	0.00000	0.2	0.0	1.80829	3.38983	0.00000	0.00000																												4.3	0.00000	0.00000	0.0	0.0	1.45862	0.00000	0.00000	0.00000
1995-05-01	5.9	-40.00370	-3.33364	0.0	-0.2	1.77495	0.00000	-32.97048	-3.27869																												4.2	-28.23660	-2.35305	-0.1	-0.1	1.43508	-2.32558	-24.60023	-2.32558
1995-06-01	5.9	0.00000	0.00000	0.1	0.0	1.77495	1.72414	0.00000	0.00000																												4.2	0.00000	0.00000	-0.1	0.0	1.43508	-2.32558	0.00000	0.00000
1995-07-01	6.1	40.00370	3.33364	0.3	0.2	1.80829	5.17241	49.18800	3.38983																												4.4	55.82402	4.65200	0.2	0.2	1.48160	4.76190	74.75944	4.76190
1995-08-01	6.1	0.00000	0.00000	0.4	0.0	1.80829	7.01754	0.00000	0.00000																												4.4	0.00000	0.00000	0.2	0.0	1.48160	4.76190	0.00000	0.00000
1995-09-01	6.0	-19.83516	-1.65293	0.2	-0.1	1.79176	3.44828	-17.99186	-1.63934																												4.3	-27.58742	-2.29895	0.1	-0.1	1.45862	2.38095	-24.10916	-2.27273
1995-10-01	6.1	19.83516	1.65293	0.4	0.1	1.80829	7.01754	21.93911	1.66667																												4.4	27.58742	2.29895	0.3	0.1	1.48160	7.31707	31.76821	2.32558
1995-11-01	6.2	19.51263	1.62605	0.3	0.1	1.82455	5.08475	21.54644	1.63934																												4.5	26.96743	2.24729	0.3	0.1	1.50408	7.14286	30.95378	2.27273
1995-12-01	6.3	19.20041	1.60003	0.4	0.1	1.84055	6.77966	21.16755	1.61290																												4.5	0.00000	0.00000	0.3	0.0	1.50408	7.14286	0.00000	0.00000
1996-01-01	6.3	0.00000	0.00000	0.4	0.0	1.84055	6.77966	0.00000	0.00000																												4.6	26.37469	2.19789	0.4	0.1	1.52606	9.52381	30.17986	2.22222
1996-02-01	6.4	18.89803	1.57484	0.5	0.1	1.85630	8.47458	20.80171	1.58730																												4.6	0.00000	0.00000	0.4	0.0	1.52606	9.52381	0.00000	0.00000
1996-03-01	6.6	36.92599	3.07717	0.5	0.2	1.88707	8.19672	44.66635	3.12500																												4.7	25.80745	2.15062	0.4	0.1	1.54756	9.30233	29.44352	2.17391
1996-04-01	6.9	53.34212	4.44518	0.8	0.3	1.93152	13.11475	70.47546	4.54545																												4.7	0.00000	0.00000	0.4	0.0	1.54756	9.30233	0.00000	0.00000
1996-05-01	6.7	-35.29666	-2.94139	0.8	-0.2	1.90211	13.55932	-29.73994	-2.89855																												4.5	-52.18213	-4.34851	0.3	-0.2	1.50408	7.14286	-40.65613	-4.25532
1996-06-01	6.6	-18.04545	-1.50379	0.7	-0.1	1.88707	11.86441	-16.51094	-1.49254																												4.5	0.00000	0.00000	0.3	0.0	1.50408	7.14286	0.00000	0.00000
1996-07-01	6.8	35.82356	2.98530	0.7	0.2	1.91692	11.47541	43.08026	3.03030																												4.6	26.37469	2.19789	0.2	0.1	1.52606	4.54545	30.17986	2.22222
1996-08-01	6.7	-17.77810	-1.48151	0.6	-0.1	1.90211	9.83607	-16.28743	-1.47059																												4.5	-26.37469	-2.19789	0.1	-0.1	1.50408	2.27273	-23.18320	-2.17391
1996-09-01	6.7	0.00000	0.00000	0.7	0.0	1.90211	11.66667	0.00000	0.00000																												4.5	0.00000	0.00000	0.2	0.0	1.50408	4.65116	0.00000	0.00000
1996-10-01	6.9	35.29666	2.94139	0.8	0.2	1.93152	13.11475	42.32836	2.98507																												4.6	26.37469	2.19789	0.2	0.1	1.52606	4.54545	30.17986	2.22222
1996-11-01	7.1	34.28805	2.85734	0.9	0.2	1.96009	14.51613	40.90003	2.89855																												4.7	25.80745	2.15062	0.2	0.1	1.54756	4.44444	29.44352	2.17391
1996-12-01	7.1	0.00000	0.00000	0.8	0.0	1.96009	12.69841	0.00000	0.00000																												4.7	0.00000	0.00000	0.2	0.0	1.54756	4.44444	0.00000	0.00000
1997-01-01	7.0	-17.02156	-1.41846	0.7	-0.1	1.94591	11.11111	-15.65171	-1.40845																												4.6	-25.80745	-2.15062	0.0	-0.1	1.52606	0.00000	-22.74623	-2.12766
1997-02-01	7.0	0.00000	0.00000	0.6	0.0	1.94591	9.37500	0.00000	0.00000																												4.6	0.00000	0.00000	0.0	0.0	1.52606	0.00000	0.00000	0.00000
1997-03-01	7.2	33.80505	2.81709	0.6	0.2	1.97408	9.09091	40.22113	2.85714																												4.7	25.80745	2.15062	0.0	0.1	1.54756	0.00000	29.44352	2.17391
1997-04-01	7.4	32.87877	2.73990	0.5	0.2	2.00148	7.24638	38.92829	2.77778																												4.9	50.00724	4.16727	0.2	0.2	1.58924	4.25532	64.88406	4.25532
1997-05-01	7.3	-16.32678	-1.36057	0.6	-0.1	1.98787	8.95522	-15.06363	-1.35135																												4.8	-24.74314	-2.06193	0.3	-0.1	1.56862	6.66667	-21.91963	-2.04082
1997-06-01	7.2	-16.55199	-1.37933	0.6	-0.1	1.97408	9.09091	-15.25470	-1.36986																												4.8	0.00000	0.00000	0.3	0.0	1.56862	6.66667	0.00000	0.00000
1997-07-01	7.0	-33.80505	-2.81709	0.2	-0.2	1.94591	2.94118	-28.68407	-2.77778																												4.6	-51.07154	-4.25596	0.0	-0.2	1.52606	0.00000	-39.99338	-4.16667
1997-08-01	7.2	33.80505	2.81709	0.5	0.2	1.97408	7.46269	40.22113	2.85714																												4.7	25.80745	2.15062	0.2	0.1	1.54756	4.44444	29.44352	2.17391
1997-09-01	7.1	-16.78349	-1.39862	0.4	-0.1	1.96009	5.97015	-15.45066	-1.38889																												4.6	-25.80745	-2.15062	0.1	-0.1	1.52606	2.22222	-22.74623	-2.12766
1997-10-01	7.2	16.78349	1.39862	0.3	0.1	1.97408	4.34783	18.27413	1.40845																												4.6	0.00000	0.00000	0.0	0.0	1.52606	0.00000	0.00000	0.00000
1997-11-01	7.3	16.55199	1.37933	0.2	0.1	1.98787	2.81690	18.00064	1.38889																												4.6	0.00000	0.00000	-0.1	0.0	1.52606	-2.12766	0.00000	0.00000
1997-12-01	7.4	16.32678	1.36057	0.3	0.1	2.00148	4.22535	17.73520	1.36986																												4.7	25.80745	2.15062	0.0	0.1	1.54756	0.00000	29.44352	2.17391
1998-01-01	7.4	0.00000	0.00000	0.4	0.0	2.00148	5.71429	0.00000	0.00000																												4.7	0.00000	0.00000	0.1	0.0	1.54756	2.17391	0.00000	0.00000
1998-02-01	7.4	0.00000	0.00000	0.4	0.0	2.00148	5.71429	0.00000	0.00000																												4.6	-25.80745	-2.15062	0.0	-0.1	1.52606	0.00000	-22.74623	-2.12766
1998-03-01	7.4	0.00000	0.00000	0.2	0.0	2.00148	2.77778	0.00000	0.00000																												4.6	0.00000	0.00000	-0.1	0.0	1.52606	-2.12766	0.00000	0.00000
1998-04-01	7.6	32.00190	2.66682	0.2	0.2	2.02815	2.70270	37.71539	2.70270																												4.7	25.80745	2.15062	-0.2	0.1	1.54756	-4.08163	29.44352	2.17391
1998-05-01	7.6	0.00000	0.00000	0.3	0.0	2.02815	4.10959	0.00000	0.00000																												4.7	0.00000	0.00000	-0.1	0.0	1.54756	-2.08333	0.00000	0.00000
1998-06-01	7.6	0.00000	0.00000	0.4	0.0	2.02815	5.55556	0.00000	0.00000																												4.7	0.00000	0.00000	-0.1	0.0	1.54756	-2.08333	0.00000	0.00000
1998-07-01	7.9	46.45741	3.87145	0.9	0.3	2.06686	12.85714	59.13364	3.94737																												4.8	25.26409	2.10534	0.2	0.1	1.56862	4.34783	28.74209	2.12766
1998-08-01	7.8	-15.28683	-1.27390	0.6	-0.1	2.05412	8.33333	-14.17573	-1.26582																												4.7	-25.26409	-2.10534	0.0	-0.1	1.54756	0.00000	-22.32532	-2.08333
1998-09-01	7.9	15.28683	1.27390	0.8	0.1	2.06686	11.26761	16.51715	1.28205																												4.7	0.00000	0.00000	0.1	0.0	1.54756	2.17391	0.00000	0.00000
1998-10-01	8.1	30.00156	2.50013	0.9	0.2	2.09186	12.50000	34.98799	2.53165																												4.8	25.26409	2.10534	0.2	0.1	1.56862	4.34783	28.74209	2.12766
1998-11-01	8.3	29.26974	2.43915	1.0	0.2	2.11626	13.69863	34.00373	2.46914																												4.8	0.00000	0.00000	0.2	0.0	1.56862	4.34783	0.00000	0.00000
1998-12-01	8.4	14.37143	1.19762	1.0	0.1	2.12823	13.51351	15.45542	1.20482																												4.9	24.74314	2.06193	0.2	0.1	1.58924	4.25532	28.07316	2.08333
1999-01-01	7.9	-73.64274	-6.13689	0.5	-0.5	2.06686	6.75676	-52.11785	-5.95238																												4.8	-24.74314	-2.06193	0.1	-0.1	1.56862	2.12766	-21.91963	-2.04082
1999-02-01	7.9	0.00000	0.00000	0.5	0.0	2.06686	6.75676	0.00000	0.00000																												4.8	0.00000	0.00000	0.2	0.0	1.56862	4.34783	0.00000	0.00000
1999-03-01	7.9	0.00000	0.00000	0.5	0.0	2.06686	6.75676	0.00000	0.00000																												4.9	24.74314	2.06193	0.3	0.1	1.58924	6.52174	28.07316	2.08333
1999-04-01	8.2	44.72567	3.72714	0.6	0.3	2.10413	7.89474	56.40158	3.79747																												4.9	0.00000	0.00000	0.2	0.0	1.58924	4.25532	0.00000	0.00000
1999-05-01	8.4	28.91706	2.40976	0.8	0.2	2.12823	10.52632	33.53195	2.43902																												5.1	48.00640	4.00053	0.4	0.2	1.62924	8.51064	61.61779	4.08163
1999-06-01	8.4	0.00000	0.00000	0.8	0.0	2.12823	10.52632	0.00000	0.00000																												5.1	0.00000	0.00000	0.4	0.0	1.62924	8.51064	0.00000	0.00000
1999-07-01	8.3	-14.37143	-1.19762	0.4	-0.1	2.11626	5.06329	-13.38648	-1.19048																												5.1	0.00000	0.00000	0.3	0.0	1.62924	6.25000	0.00000	0.00000
1999-08-01	8.3	0.00000	0.00000	0.5	0.0	2.11626	6.41026	0.00000	0.00000																												5.1	0.00000	0.00000	0.4	0.0	1.62924	8.51064	0.00000	0.00000
1999-09-01	8.3	0.00000	0.00000	0.4	0.0	2.11626	5.06329	0.00000	0.00000																												5.1	0.00000	0.00000	0.4	0.0	1.62924	8.51064	0.00000	0.00000
1999-10-01	8.3	0.00000	0.00000	0.2	0.0	2.11626	2.46914	0.00000	0.00000																												5.1	0.00000	0.00000	0.3	0.0	1.62924	6.25000	0.00000	0.00000
1999-11-01	8.3	0.00000	0.00000	0.0	0.0	2.11626	0.00000	0.00000	0.00000																												5.1	0.00000	0.00000	0.3	0.0	1.62924	6.25000	0.00000	0.00000
1999-12-01	8.3	0.00000	0.00000	-0.1	0.0	2.11626	-1.19048	0.00000	0.00000																												5.1	0.00000	0.00000	0.2	0.0	1.62924	4.08163	0.00000	0.00000
2000-01-01	8.1	-29.26974	-2.43915	0.2	-0.2	2.09186	2.53165	-25.37521	-2.40964																												5.0	-23.76315	-1.98026	0.2	-0.1	1.60944	4.16667	-21.15068	-1.96078
2000-02-01	8.2	14.72411	1.22701	0.3	0.1	2.10413	3.79747	15.86333	1.23457																												5.0	0.00000	0.00000	0.2	0.0	1.60944	4.16667	0.00000	0.00000
2000-03-01	8.2	0.00000	0.00000	0.3	0.0	2.10413	3.79747	0.00000	0.00000																												5.1	23.76315	1.98026	0.2	0.1	1.62924	4.08163	26.82418	2.00000
2000-04-01	8.5	43.11841	3.59320	0.3	0.3	2.14007	3.65854	53.90789	3.65854																												5.2	23.30170	1.94181	0.3	0.1	1.64866	6.12245	26.24030	1.96078
2000-05-01	8.5	0.00000	0.00000	0.1	0.0	2.14007	1.19048	0.00000	0.00000																												5.2	0.00000	0.00000	0.1	0.0	1.64866	1.96078	0.00000	0.00000
2000-06-01	8.5	0.00000	0.00000	0.1	0.0	2.14007	1.19048	0.00000	0.00000																												5.2	0.00000	0.00000	0.1	0.0	1.64866	1.96078	0.00000	0.00000
2000-07-01	8.4	-14.20135	-1.18345	0.1	-0.1	2.12823	1.20482	-13.23904	-1.17647																												5.2	0.00000	0.00000	0.1	0.0	1.64866	1.96078	0.00000	0.00000
2000-08-01	8.4	0.00000	0.00000	0.1	0.0	2.12823	1.20482	0.00000	0.00000																												5.2	0.00000	0.00000	0.1	0.0	1.64866	1.96078	0.00000	0.00000
2000-09-01	8.4	0.00000	0.00000	0.1	0.0	2.12823	1.20482	0.00000	0.00000																												5.2	0.00000	0.00000	0.1	0.0	1.64866	1.96078	0.00000	0.00000
2000-10-01	8.4	0.00000	0.00000	0.1	0.0	2.12823	1.20482	0.00000	0.00000																												5.3	22.85783	1.90482	0.2	0.1	1.66771	3.92157	25.68120	1.92308
2000-11-01	8.6	28.23660	2.35305	0.3	0.2	2.15176	3.61446	32.62640	2.38095																												5.4	22.43056	1.86921	0.3	0.1	1.68640	5.88235	25.14534	1.88679
2000-12-01	8.7	13.87299	1.15608	0.4	0.1	2.16332	4.81928	14.88137	1.16279																												5.5	22.01897	1.83491	0.4	0.1	1.70475	7.84314	24.63131	1.85185
2001-01-01	8.7	0.00000	0.00000	0.6	0.0	2.16332	7.40741	0.00000	0.00000																												5.4	-22.01897	-1.83491	0.4	-0.1	1.68640	8.00000	-19.76334	-1.81818
2001-02-01	8.8	13.71443	1.14287	0.6	0.1	2.17475	7.31707	14.69937	1.14943																												5.4	0.00000	0.00000	0.4	0.0	1.68640	8.00000	0.00000	0.00000
2001-03-01	9.0	26.96743	2.24729	0.8	0.2	2.19722	9.75610	30.95378	2.27273																												5.5	22.01897	1.83491	0.4	0.1	1.70475	7.84314	24.63131	1.85185
2001-04-01	8.9	-13.40796	-1.11733	0.4	-0.1	2.18605	4.70588	-12.54796	-1.11111																												5.5	0.00000	0.00000	0.3	0.0	1.70475	5.76923	0.00000	0.00000
2001-05-01	8.8	-13.55947	-1.12996	0.3	-0.1	2.17475	3.52941	-12.68035	-1.12360																												5.4	-22.01897	-1.83491	0.2	-0.1	1.68640	3.84615	-19.76334	-1.81818
2001-06-01	8.8	0.00000	0.00000	0.3	0.0	2.17475	3.52941	0.00000	0.00000																												5.4	0.00000	0.00000	0.2	0.0	1.68640	3.84615	0.00000	0.00000
2001-07-01	9.0	26.96743	2.24729	0.6	0.2	2.19722	7.14286	30.95378	2.27273																												5.4	0.00000	0.00000	0.2	0.0	1.68640	3.84615	0.00000	0.00000
2001-08-01	9.3	39.34779	3.27898	0.9	0.3	2.23001	10.71429	48.21265	3.33333																												5.6	43.64117	3.63676	0.4	0.2	1.72277	7.69231	54.71457	3.70370
2001-09-01	9.2	-12.97310	-1.08109	0.8	-0.1	2.21920	9.52381	-12.16683	-1.07527																												5.5	-21.62221	-1.80185	0.3	-0.1	1.70475	5.76923	-19.44436	-1.78571
2001-10-01	9.2	0.00000	0.00000	0.8	0.0	2.21920	9.52381	0.00000	0.00000																												5.5	0.00000	0.00000	0.2	0.0	1.70475	3.77358	0.00000	0.00000
2001-11-01	9.2	0.00000	0.00000	0.6	0.0	2.21920	6.97674	0.00000	0.00000																												5.5	0.00000	0.00000	0.1	0.0	1.70475	1.85185	0.00000	0.00000
2001-12-01	9.2	0.00000	0.00000	0.5	0.0	2.21920	5.74713	0.00000	0.00000																												5.5	0.00000	0.00000	0.0	0.0	1.70475	0.00000	0.00000	0.00000
2002-01-01	9.6	51.07154	4.25596	0.9	0.4	2.26176	10.34483	66.64829	4.34783																												5.7	42.86170	3.57181	0.3	0.2	1.74047	5.55556	53.51330	3.63636
2002-02-01	9.8	24.74314	2.06193	1.0	0.2	2.28238	11.36364	28.07316	2.08333																												5.8	20.87009	1.73917	0.4	0.1	1.75786	7.40741	23.20764	1.75439
2002-03-01	9.9	12.18285	1.01524	0.9	0.1	2.29253	10.00000	12.95603	1.02041																												5.9	20.51332	1.70944	0.4	0.1	1.77495	7.27273	22.76886	1.72414
2002-04-01	9.9	0.00000	0.00000	1.0	0.0	2.29253	11.23596	0.00000	0.00000																												5.9	0.00000	0.00000	0.4	0.0	1.77495	7.27273	0.00000	0.00000
2002-05-01	9.8	-12.18285	-1.01524	1.0	-0.1	2.28238	11.36364	-11.46998	-1.01010																												5.8	-20.51332	-1.70944	0.4	-0.1	1.75786	7.40741	-18.54612	-1.69492
2002-06-01	9.7	-12.30780	-1.02565	0.9	-0.1	2.27213	10.22727	-11.58053	-1.02041																												5.7	-20.87009	-1.73917	0.3	-0.1	1.74047	5.55556	-18.83620	-1.72414
2002-07-01	9.8	12.30780	1.02565	0.8	0.1	2.28238	8.88889	13.09726	1.03093																												5.8	20.87009	1.73917	0.4	0.1	1.75786	7.40741	23.20764	1.75439
2002-08-01	10.1	36.18365	3.01530	0.8	0.3	2.31254	8.60215	43.59641	3.06122																												6.1	60.51702	5.04309	0.5	0.3	1.80829	8.92857	83.15640	5.17241
2002-09-01	10.3	23.53017	1.96085	1.1	0.2	2.33214	11.95652	26.52904	1.98020																												6.3	38.71303	3.22609	0.8	0.2	1.84055	14.54545	47.27484	3.27869
2002-10-01	10.8	56.88269	4.74022	1.6	0.5	2.37955	17.39130	76.61939	4.85437																												6.5	37.50305	3.12525	1.0	0.2	1.87180	18.18182	45.50358	3.17460
2002-11-01	11.0	22.01897	1.83491	1.8	0.2	2.39790	19.56522	24.63131	1.85185																												6.6	18.32097	1.52675	1.1	0.1	1.88707	20.00000	20.10662	1.53846
2002-12-01	11.1	10.85980	0.90498	1.9	0.1	2.40695	20.65217	11.47142	0.90909																												6.6	0.00000	0.00000	1.1	0.0	1.88707	20.00000	0.00000	0.00000
2003-01-01	11.4	32.00190	2.66682	1.8	0.3	2.43361	18.75000	37.71539	2.70270																												6.7	18.04545	1.50379	1.0	0.1	1.90211	17.54386	19.77617	1.51515
2003-02-01	11.5	10.48042	0.87337	1.7	0.1	2.44235	17.34694	11.04931	0.87719																												6.8	17.77810	1.48151	1.0	0.1	1.91692	17.24138	19.45637	1.49254
2003-03-01	11.8	30.90300	2.57525	1.9	0.3	2.46810	19.19192	36.21032	2.60870																												6.9	17.51856	1.45988	1.0	0.1	1.93152	16.94915	19.14673	1.47059
2003-04-01	11.6	-20.51332	-1.70944	1.7	-0.2	2.45101	17.17172	-18.54612	-1.69492																												6.8	-17.51856	-1.45988	0.9	-0.1	1.91692	15.25424	-16.06988	-1.44928
2003-05-01	11.6	0.00000	0.00000	1.8	0.0	2.45101	18.36735	0.00000	0.00000																												6.8	0.00000	0.00000	1.0	0.0	1.91692	17.24138	0.00000	0.00000
2003-06-01	11.9	30.63996	2.55333	2.2	0.3	2.47654	22.68041	35.85251	2.58621																												7.0	34.78504	2.89875	1.3	0.2	1.94591	22.80702	41.60205	2.94118
2003-07-01	12.0	10.04190	0.83682	2.2	0.1	2.48491	22.44898	10.56341	0.84034																												7.0	0.00000	0.00000	1.2	0.0	1.94591	20.68966	0.00000	0.00000
2003-08-01	12.5	48.98639	4.08220	2.4	0.5	2.52573	23.76238	63.20941	4.16667																												7.4	66.68382	5.55699	1.3	0.4	2.00148	21.31148	94.80682	5.71429
2003-09-01	12.5	0.00000	0.00000	2.2	0.0	2.52573	21.35922	0.00000	0.00000																												7.4	0.00000	0.00000	1.1	0.0	2.00148	17.46032	0.00000	0.00000
2003-10-01	12.9	37.79840	3.14987	2.1	0.4	2.55723	19.44444	45.93396	3.20000																												7.5	16.10762	1.34230	1.0	0.1	2.01490	15.38462	17.47745	1.35135
2003-11-01	13.1	18.46190	1.53849	2.1	0.2	2.57261	19.09091	20.27601	1.55039																												7.6	15.89427	1.32452	1.0	0.1	2.02815	15.15152	17.22708	1.33333
2003-12-01	13.3	18.18217	1.51518	2.2	0.2	2.58776	19.81982	19.94003	1.52672																												7.6	0.00000	0.00000	1.0	0.0	2.02815	15.15152	0.00000	0.00000
2004-01-01	13.7	35.55816	2.96318	2.3	0.4	2.61740	20.17544	42.70103	3.00752																												7.9	46.45741	3.87145	1.2	0.3	2.06686	17.91045	59.13364	3.94737
2004-02-01	14.0	25.99380	2.16615	2.5	0.3	2.63906	21.73913	29.68496	2.18978																												8.0	15.09454	1.25788	1.2	0.1	2.07944	17.64706	16.29331	1.26582
2004-03-01	14.5	42.10958	3.50913	2.7	0.5	2.67415	22.88136	52.36303	3.57143																												8.2	29.63114	2.46926	1.3	0.2	2.10413	18.84058	34.48888	2.50000
2004-04-01	14.4	-8.30453	-0.69204	2.8	-0.1	2.66723	24.13793	-7.96906	-0.68966																												8.0	-29.63114	-2.46926	1.2	-0.2	2.07944	17.64706	-25.64441	-2.43902
2004-05-01	14.4	0.00000	0.00000	2.8	0.0	2.66723	24.13793	0.00000	0.00000																												8.0	0.00000	0.00000	1.2	0.0	2.07944	17.64706	0.00000	0.00000
2004-06-01	14.4	0.00000	0.00000	2.5	0.0	2.66723	21.00840	0.00000	0.00000																												8.1	14.90702	1.24225	1.1	0.1	2.09186	15.71429	16.07545	1.25000
2004-07-01	14.5	8.30453	0.69204	2.5	0.1	2.67415	20.83333	8.65910	0.69444																												8.3	29.26974	2.43915	1.3	0.2	2.11626	18.57143	34.00373	2.46914
2004-08-01	14.1	-33.56862	-2.79739	1.6	-0.4	2.64617	12.80000	-28.51526	-2.75862																												8.3	0.00000	0.00000	0.9	0.0	2.11626	12.16216	0.00000	0.00000
2004-09-01	14.1	0.00000	0.00000	1.6	0.0	2.64617	12.80000	0.00000	0.00000																												8.3	0.00000	0.00000	0.9	0.0	2.11626	12.16216	0.00000	0.00000
2004-10-01	14.5	33.56862	2.79739	1.6	0.4	2.67415	12.40310	39.89000	2.83688																												8.8	70.19545	5.84962	1.3	0.5	2.17475	17.33333	101.76924	6.02410
2004-11-01	14.6	8.24746	0.68729	1.5	0.1	2.68102	11.45038	8.59710	0.68966																												8.9	13.55947	1.12996	1.3	0.1	2.18605	17.10526	14.52176	1.13636
2004-12-01	14.8	16.32678	1.36057	1.5	0.2	2.69463	11.27820	17.73520	1.36986																												9.0	13.40796	1.11733	1.4	0.1	2.19722	18.42105	14.34838	1.12360
2005-01-01	14.8	0.00000	0.00000	1.1	0.0	2.69463	8.02920	0.00000	0.00000																												9.2	26.37469	2.19789	1.3	0.2	2.21920	16.45570	30.17986	2.22222
2005-02-01	15.0	16.10762	1.34230	1.0	0.2	2.70805	7.14286	17.47745	1.35135																												9.3	12.97310	1.08109	1.3	0.1	2.23001	16.25000	13.85221	1.08696
2005-03-01	15.1	7.97345	0.66445	0.6	0.1	2.71469	4.13793	8.29995	0.66667																												9.2	-12.97310	-1.08109	1.0	-0.1	2.21920	12.19512	-12.16683	-1.07527
2005-04-01	15.5	31.37434	2.61453	1.1	0.4	2.74084	7.63889	36.85385	2.64901																												9.5	38.50598	3.20883	1.5	0.3	2.25129	18.75000	46.97022	3.26087
2005-05-01	15.5	0.00000	0.00000	1.1	0.0	2.74084	7.63889	0.00000	0.00000																												9.5	0.00000	0.00000	1.5	0.0	2.25129	18.75000	0.00000	0.00000
2005-06-01	15.5	0.00000	0.00000	1.1	0.0	2.74084	7.63889	0.00000	0.00000																												9.4	-12.69853	-1.05821	1.3	-0.1	2.24071	16.04938	-11.92534	-1.05263
2005-07-01	15.6	7.71707	0.64309	1.1	0.1	2.74727	7.58621	8.02264	0.64516																												9.4	0.00000	0.00000	1.1	0.0	2.24071	13.25301	0.00000	0.00000
2005-08-01	15.6	0.00000	0.00000	1.5	0.0	2.74727	10.63830	0.00000	0.00000																												9.3	-12.83435	-1.06953	1.0	-0.1	2.23001	12.04819	-12.04488	-1.06383
2005-09-01	15.8	15.28683	1.27390	1.7	0.2	2.76001	12.05674	16.51715	1.28205																												9.4	12.83435	1.06953	1.1	0.1	2.24071	13.25301	13.69434	1.07527
2005-10-01	16.0	15.09454	1.25788	1.5	0.2	2.77259	10.34483	16.29331	1.26582																												9.7	37.69944	3.14162	0.9	0.3	2.27213	10.22727	45.78961	3.19149
2005-11-01	16.1	7.47666	0.62305	1.5	0.1	2.77882	10.27397	7.76326	0.62500																												9.8	12.30780	1.02565	0.9	0.1	2.28238	10.11236	13.09726	1.03093
2005-12-01	16.3	14.81500	1.23458	1.5	0.2	2.79117	10.13514	15.96869	1.24224																												9.9	12.18285	1.01524	0.9	0.1	2.29253	10.00000	12.95603	1.02041
2006-01-01	16.2	-7.38464	-0.61539	1.4	-0.1	2.78501	9.45946	-7.11856	-0.61350																												9.8	-12.18285	-1.01524	0.6	-0.1	2.28238	6.52174	-11.46998	-1.01010
2006-02-01	16.6	29.26974	2.43915	1.6	0.4	2.80940	10.66667	34.00373	2.46914																												10.1	36.18365	3.01530	0.8	0.3	2.31254	8.60215	43.59641	3.06122
2006-03-01	16.8	14.37143	1.19762	1.7	0.2	2.82138	11.25828	15.45542	1.20482																												10.2	11.82276	0.98523	1.0	0.1	2.32239	10.86957	12.55002	0.99010
2006-04-01	17.0	14.20135	1.18345	1.5	0.2	2.83321	9.67742	15.25922	1.19048																												10.3	11.70741	0.97562	0.8	0.1	2.33214	8.42105	12.42027	0.98039
2006-05-01	17.1	7.03814	0.58651	1.6	0.1	2.83908	10.32258	7.29173	0.58824																												10.4	11.59429	0.96619	0.9	0.1	2.34181	9.47368	12.29318	0.97087
2006-06-01	16.9	-14.11781	-1.17648	1.4	-0.2	2.82731	9.03226	-13.16654	-1.16959																												10.3	-11.59429	-0.96619	0.9	-0.1	2.33214	9.57447	-10.94740	-0.96154
2006-07-01	16.6	-21.49311	-1.79109	1.0	-0.3	2.80940	6.41026	-19.34030	-1.77515																												10.1	-23.53017	-1.96085	0.7	-0.2	2.31254	7.44681	-20.96676	-1.94175
2006-08-01	16.5	-7.25078	-0.60423	0.9	-0.1	2.80336	5.76923	-6.99415	-0.60241																												10.1	0.00000	0.00000	0.8	0.0	2.31254	8.60215	0.00000	0.00000
2006-09-01	16.4	-7.29486	-0.60790	0.6	-0.1	2.79728	3.79747	-7.03513	-0.60606																												10.2	11.82276	0.98523	0.8	0.1	2.32239	8.51064	12.55002	0.99010
2006-10-01	16.6	14.54563	1.21214	0.6	0.2	2.80940	3.75000	15.65672	1.21951																												10.3	11.70741	0.97562	0.6	0.1	2.33214	6.18557	12.42027	0.98039
2006-11-01	16.6	0.00000	0.00000	0.5	0.0	2.80940	3.10559	0.00000	0.00000																												10.5	23.07763	1.92314	0.7	0.2	2.35138	7.14286	25.95775	1.94175
2006-12-01	16.8	14.37143	1.19762	0.5	0.2	2.82138	3.06748	15.45542	1.20482																												10.7	22.64218	1.88685	0.8	0.2	2.37024	8.08081	25.41045	1.90476
2007-01-01	17.1	21.23949	1.76996	0.9	0.3	2.83908	5.55556	23.66362	1.78571																												10.9	22.22286	1.85190	1.1	0.2	2.38876	11.22449	24.88568	1.86916
2007-02-01	17.4	20.87009	1.73917	0.8	0.3	2.85647	4.81928	23.20764	1.75439																												11.0	10.95898	0.91325	0.9	0.1	2.39790	8.91089	11.58203	0.91743
2007-03-01	17.6	13.71443	1.14287	0.8	0.2	2.86790	4.76190	14.69937	1.14943																												11.2	21.62221	1.80185	1.0	0.2	2.41591	9.80392	24.13780	1.81818
2007-04-01	17.5	-6.83763	-0.56980	0.5	-0.1	2.86220	2.94118	-6.60910	-0.56818																												11.2	0.00000	0.00000	0.9	0.0	2.41591	8.73786	0.00000	0.00000
2007-05-01	17.4	-6.87681	-0.57307	0.3	-0.1	2.85647	1.75439	-6.64569	-0.57143																												11.1	-10.76240	-0.89687	0.7	-0.1	2.40695	6.73077	-10.20349	-0.89286
2007-06-01	17.2	-13.87299	-1.15608	0.3	-0.2	2.84491	1.77515	-12.95369	-1.14943																												10.9	-21.81878	-1.81823	0.6	-0.2	2.38876	5.82524	-19.60256	-1.80180
2007-07-01	16.9	-21.11491	-1.75958	0.3	-0.3	2.82731	1.80723	-19.03467	-1.74419																												11.0	10.95898	0.91325	0.9	0.1	2.39790	8.91089	11.58203	0.91743
2007-08-01	16.9	0.00000	0.00000	0.4	0.0	2.82731	2.42424	0.00000	0.00000																												11.0	0.00000	0.00000	0.9	0.0	2.39790	8.91089	0.00000	0.00000
2007-09-01	16.9	0.00000	0.00000	0.5	0.0	2.82731	3.04878	0.00000	0.00000																												11.0	0.00000	0.00000	0.8	0.0	2.39790	7.84314	0.00000	0.00000
2007-10-01	16.9	0.00000	0.00000	0.3	0.0	2.82731	1.80723	0.00000	0.00000																												11.2	21.62221	1.80185	0.9	0.2	2.41591	8.73786	24.13780	1.81818
2007-11-01	17.0	7.07967	0.58997	0.4	0.1	2.83321	2.40964	7.33630	0.59172																												11.4	21.23949	1.76996	0.9	0.2	2.43361	8.57143	23.66362	1.78571
2007-12-01	17.0	0.00000	0.00000	0.2	0.0	2.83321	1.19048	0.00000	0.00000																												11.5	10.48042	0.87337	0.8	0.1	2.44235	7.47664	11.04931	0.87719
2008-01-01	16.8	-14.20135	-1.18345	-0.3	-0.2	2.82138	-1.75439	-13.23904	-1.17647																												11.5	0.00000	0.00000	0.6	0.0	2.44235	5.50459	0.00000	0.00000
2008-02-01	16.8	0.00000	0.00000	-0.6	0.0	2.82138	-3.44828	0.00000	0.00000																												11.6	10.38968	0.86581	0.6	0.1	2.45101	5.45455	10.94859	0.86957
2008-03-01	16.9	7.12168	0.59347	-0.7	0.1	2.82731	-3.97727	7.38140	0.59524																												11.7	10.30049	0.85837	0.5	0.1	2.45959	4.46429	10.84969	0.86207
2008-04-01	16.8	-7.12168	-0.59347	-0.7	-0.1	2.82138	-4.00000	-6.87401	-0.59172																												11.6	-10.30049	-0.85837	0.4	-0.1	2.45101	3.57143	-9.78775	-0.85470
2008-05-01	16.8	0.00000	0.00000	-0.6	0.0	2.82138	-3.44828	0.00000	0.00000																												11.5	-10.38968	-0.86581	0.4	-0.1	2.44235	3.60360	-9.86816	-0.86207
2008-06-01	16.7	-7.16420	-0.59702	-0.5	-0.1	2.81541	-2.90698	-6.91359	-0.59524																												11.4	-10.48042	-0.87337	0.5	-0.1	2.43361	4.58716	-9.94991	-0.86957
2008-07-01	16.5	-14.45801	-1.20483	-0.4	-0.2	2.80336	-2.36686	-13.46144	-1.19760																												11.3	-10.57276	-0.88106	0.3	-0.1	2.42480	2.72727	-10.03303	-0.87719
2008-08-01	16.6	7.25078	0.60423	-0.3	0.1	2.80940	-1.77515	7.52012	0.60606																												11.5	21.05317	1.75443	0.5	0.2	2.44235	4.54545	23.43342	1.76991
2008-09-01	16.6	0.00000	0.00000	-0.3	0.0	2.80940	-1.77515	0.00000	0.00000																												11.4	-10.48042	-0.87337	0.4	-0.1	2.43361	3.63636	-9.94991	-0.86957
2008-10-01	16.8	14.37143	1.19762	-0.1	0.2	2.82138	-0.59172	15.45542	1.20482																												11.7	31.17058	2.59755	0.5	0.3	2.45959	4.46429	36.57529	2.63158
2008-11-01	17.0	14.20135	1.18345	0.0	0.2	2.83321	0.00000	15.25922	1.19048																												12.0	30.38137	2.53178	0.6	0.3	2.48491	5.26316	35.50166	2.56410
2008-12-01	17.0	0.00000	0.00000	0.0	0.0	2.83321	0.00000	0.00000	0.00000																												12.3	29.63114	2.46926	0.8	0.3	2.50960	6.95652	34.48888	2.50000
2009-01-01	16.9	-7.07967	-0.58997	0.1	-0.1	2.82731	0.59524	-6.83487	-0.58824																												12.1	-19.67257	-1.63938	0.6	-0.2	2.49321	5.21739	-17.85841	-1.62602
2009-02-01	17.0	7.07967	0.58997	0.2	0.1	2.83321	1.19048	7.33630	0.59172																												12.2	9.87660	0.82305	0.6	0.1	2.50144	5.17241	10.38080	0.82645
2009-03-01	17.2	14.03525	1.16960	0.3	0.2	2.84491	1.77515	15.06793	1.17647																												12.4	19.51263	1.62605	0.7	0.2	2.51770	5.98291	21.54644	1.63934
2009-04-01	17.3	6.95654	0.57971	0.5	0.1	2.85071	2.97619	7.20422	0.58140																												12.4	0.00000	0.00000	0.8	0.0	2.51770	6.89655	0.00000	0.00000
2009-05-01	17.2	-6.95654	-0.57971	0.4	-0.1	2.84491	2.38095	-6.72009	-0.57803																												12.4	0.00000	0.00000	0.9	0.0	2.51770	7.82609	0.00000	0.00000
2009-06-01	16.7	-35.40080	-2.95007	0.0	-0.5	2.81541	0.00000	-29.81306	-2.90698																												12.1	-29.38922	-2.44910	0.7	-0.3	2.49321	6.14035	-25.46432	-2.41935
2009-07-01	16.3	-29.09233	-2.42436	-0.2	-0.4	2.79117	-1.21212	-25.24270	-2.39521																												11.7	-40.33993	-3.36166	0.4	-0.4	2.45959	3.53982	-33.19547	-3.30579
2009-08-01	16.4	7.33947	0.61162	-0.2	0.1	2.79728	-1.20482	7.61552	0.61350																												11.8	10.21283	0.85107	0.3	0.1	2.46810	2.60870	10.75255	0.85470
2009-09-01	16.3	-7.33947	-0.61162	-0.3	-0.1	2.79117	-1.80723	-7.07660	-0.60976																												11.9	10.12664	0.84389	0.5	0.1	2.47654	4.38596	10.65714	0.84746
2009-10-01	16.5	14.63433	1.21953	-0.3	0.2	2.80336	-1.78571	15.75935	1.22699																												12.1	20.00046	1.66671	0.4	0.2	2.49321	3.41880	22.14084	1.68067
2009-11-01	16.7	14.45801	1.20483	-0.3	0.2	2.81541	-1.76471	15.55542	1.21212																												12.3	19.67257	1.63938	0.3	0.2	2.50960	2.50000	21.74101	1.65289
2009-12-01	16.9	14.28588	1.19049	-0.1	0.2	2.82731	-0.58824	15.35669	1.19760																												12.4	9.71665	0.80972	0.1	0.1	2.51770	0.81301	10.20439	0.81301
2010-01-01	16.1	-58.19322	-4.84943	-0.8	-0.8	2.77882	-4.73373	-44.11824	-4.73373																												12.3	-9.71665	-0.80972	0.2	-0.1	2.50960	1.65289	-9.25951	-0.80645
2010-02-01	16.5	29.44933	2.45411	-0.5	0.4	2.80336	-2.94118	34.24460	2.48447																												12.7	38.40328	3.20027	0.5	0.4	2.54160	4.09836	46.81936	3.25203
2010-03-01	16.6	7.25078	0.60423	-0.6	0.1	2.80940	-3.48837	7.52012	0.60606																												12.8	9.41181	0.78432	0.4	0.1	2.54945	3.22581	9.86895	0.78740
2010-04-01	16.9	21.49311	1.79109	-0.4	0.3	2.82731	-2.31214	23.97765	1.80723																												12.8	0.00000	0.00000	0.4	0.0	2.54945	3.22581	0.00000	0.00000
2010-05-01	16.8	-7.12168	-0.59347	-0.4	-0.1	2.82138	-2.32558	-6.87401	-0.59172																												12.7	-9.41181	-0.78432	0.3	-0.1	2.54160	2.41935	-8.98248	-0.78125
2010-06-01	16.6	-14.37143	-1.19762	-0.1	-0.2	2.80940	-0.59880	-13.38648	-1.19048																												12.6	-9.48622	-0.79052	0.5	-0.1	2.53370	4.13223	-9.05017	-0.78740
2010-07-01	16.2	-29.26974	-2.43915	-0.1	-0.4	2.78501	-0.61350	-25.37521	-2.40964																												12.3	-28.91706	-2.40976	0.6	-0.3	2.50960	5.12821	-25.11156	-2.38095
2010-08-01	16.3	7.38464	0.61539	-0.1	0.1	2.79117	-0.60976	7.66414	0.61728																												12.4	9.71665	0.80972	0.6	0.1	2.51770	5.08475	10.20439	0.81301
2010-09-01	16.4	7.33947	0.61162	0.1	0.1	2.79728	0.61350	7.61552	0.61350																												12.4	0.00000	0.00000	0.5	0.0	2.51770	4.20168	0.00000	0.00000
2010-10-01	16.6	14.54563	1.21214	0.1	0.2	2.80940	0.60606	15.65672	1.21951																												12.7	28.68663	2.39055	0.6	0.3	2.54160	4.95868	33.22460	2.41935
2010-11-01	16.7	7.20723	0.60060	0.0	0.1	2.81541	0.00000	7.47330	0.60241																												12.9	18.75038	1.56253	0.6	0.2	2.55723	4.87805	20.62349	1.57480
2010-12-01	16.9	14.28588	1.19049	0.0	0.2	2.82731	0.00000	15.35669	1.19760																												13.0	9.26646	0.77220	0.6	0.1	2.56495	4.83871	9.70937	0.77519
2011-01-01	16.8	-7.12168	-0.59347	0.7	-0.1	2.82138	4.34783	-6.87401	-0.59172	42.2	.	.	.	.	3.74242	.	.	.	16.56	.	.	.	.	2.80699	.	.	.	698.83	.	.	.	.	6.54941	.	.	.	13.0	0.00000	0.00000	0.7	0.0	2.56495	5.69106	0.00000	0.00000
2011-02-01	17.0	14.20135	1.18345	0.5	0.2	2.83321	3.03030	15.25922	1.19048	42.4	5.67377	0.47281	.	0.2	3.74715	.	5.83782	0.47393	16.40	-11.65058	-0.97088	.	-0.16	2.79728	.	-10.99750	-0.96618	695.36	-5.97337	-0.49778	.	-3.47	6.54443	.	-5.79847	-0.49654	13.2	18.32097	1.52675	0.5	0.2	2.58022	3.93701	20.10662	1.53846
2011-03-01	17.4	27.90823	2.32569	0.8	0.4	2.85647	4.81928	32.19162	2.35294	43.0	16.86210	1.40518	.	0.6	3.76120	.	18.36715	1.41509	16.44	2.92327	0.24361	.	0.04	2.79972	.	2.96641	0.24390	706.92	19.78537	1.64878	.	11.56	6.56092	.	21.87841	1.66245	13.5	26.96743	2.24729	0.7	0.3	2.60269	5.46875	30.95378	2.27273
2011-04-01	17.6	13.71443	1.14287	0.7	0.2	2.86790	4.14201	14.69937	1.14943	45.8	75.70077	6.30840	.	2.8	3.82428	.	113.18874	6.51163	16.62	13.06728	1.08894	.	0.18	2.81061	.	13.95948	1.09489	761.20	88.77436	7.39786	.	54.28	6.63490	.	142.96411	7.67838	13.6	8.85613	0.73801	0.8	0.1	2.61007	6.25000	9.26012	0.74074
2011-05-01	17.4	-13.71443	-1.14287	0.6	-0.2	2.85647	3.57143	-12.81556	-1.13636	44.0	-48.11335	-4.00945	.	-1.8	3.78419	.	-38.19176	-3.93013	16.62	0.00000	0.00000	.	0.00	2.81061	.	0.00000	0.00000	731.28	-48.11965	-4.00997	.	-29.92	6.59480	.	-38.19566	-3.93064	13.4	-17.77810	-1.48151	0.7	-0.2	2.59525	5.51181	-16.28743	-1.47059
2011-06-01	17.0	-27.90823	-2.32569	0.4	-0.4	2.83321	2.40964	-24.35224	-2.29885	44.3	8.15405	0.67950	.	0.3	3.79098	.	8.49572	0.68182	16.54	-5.79012	-0.48251	.	-0.08	2.80578	.	-5.62568	-0.48135	732.72	2.36066	0.19672	.	1.44	6.59676	.	2.38874	0.19691	13.1	-27.17097	-2.26425	0.5	-0.3	2.57261	3.96825	-23.79246	-2.23881
2011-07-01	17.1	7.03814	0.58651	0.9	0.1	2.83908	5.55556	7.29173	0.58824	41.6	-75.46141	-6.28845	.	-2.7	3.72810	.	-52.98080	-6.09481	16.29	-18.27632	-1.52303	.	-0.25	2.79055	.	-16.70346	-1.51149	677.66	-93.74154	-7.81179	.	-55.06	6.51865	.	-60.83612	-7.51447	13.2	9.12552	0.76046	0.9	0.1	2.58022	7.31707	9.55485	0.76336
2011-08-01	17.3	13.95365	1.16280	1.0	0.2	2.85071	6.13497	14.97407	1.16959	41.8	5.75541	0.47962	.	0.2	3.73290	.	5.92425	0.48077	16.00	-21.55524	-1.79627	.	-0.29	2.77259	.	-19.39040	-1.78023	668.80	-15.79275	-1.31606	.	-8.86	6.50549	.	-14.60883	-1.30744	13.3	9.05665	0.75472	0.9	0.1	2.58776	7.25806	9.47943	0.75758
2011-09-01	17.3	0.00000	0.00000	0.9	0.0	2.85071	5.48780	0.00000	0.00000	45.1	91.18309	7.59859	.	3.3	3.80888	.	148.88752	7.89474	16.21	15.64754	1.30396	.	0.21	2.78563	.	16.93820	1.31250	731.07	106.82898	8.90242	.	62.27	6.59451	.	191.03980	9.31071	13.3	0.00000	0.00000	0.9	0.0	2.58776	7.25806	0.00000	0.00000
2011-10-01	17.4	6.91645	0.57637	0.8	0.1	2.85647	4.81928	7.16124	0.57803	44.2	-24.18895	-2.01575	.	-0.9	3.78872	.	-21.48571	-1.99557	16.50	21.27845	1.77320	.	0.29	2.80336	.	23.71181	1.78902	729.30	-2.90885	-0.24240	.	-1.77	6.59209	.	-2.86695	-0.24211	13.4	8.98881	0.74907	0.7	0.1	2.59525	5.51181	9.40518	0.75188
2011-11-01	17.7	20.51332	1.70944	1.0	0.3	2.87356	5.98802	22.76886	1.72414	43.2	-27.46115	-2.28843	.	-1.0	3.76584	.	-24.01327	-2.26244	16.79	20.90771	1.74231	.	0.29	2.82078	.	23.25400	1.75758	725.33	-6.55014	-0.54584	.	-3.97	6.58663	.	-6.34022	-0.54436	13.7	26.56935	2.21411	0.8	0.3	2.61740	6.20155	30.43352	2.23881
2011-12-01	17.8	6.76058	0.56338	0.9	0.1	2.87920	5.32544	6.99435	0.56497	42.2	-28.10433	-2.34203	.	-1.0	3.74242	.	-24.50043	-2.31481	17.15	25.45764	2.12147	.	0.36	2.84200	.	28.99151	2.14413	723.73	-2.64999	-0.22083	.	-1.60	6.58442	.	-2.61519	-0.22059	13.9	17.39161	1.44930	0.9	0.2	2.63189	6.92308	18.99557	1.45985
2012-01-01	17.9	6.72271	0.56023	1.1	0.1	2.88480	6.54762	6.95383	0.56180	41.1	-31.69452	-2.64121	-1.1	-1.1	3.71601	-2.60664	-27.16293	-2.60664	16.08	-77.30629	-6.44219	-0.48	-1.07	2.77758	-2.89855	-53.84029	-6.23907	660.89	-108.99718	-9.08310	-37.94	-62.84	6.49359	-5.42907	-66.37740	-8.68280	14.0	8.60219	0.71685	1.0	0.1	2.63906	7.69231	8.98302	0.71942
2012-02-01	18.1	13.33347	1.11112	1.1	0.2	2.89591	6.47059	14.26324	1.11732	39.9	-35.55816	-2.96318	-2.5	-1.2	3.68638	-5.89623	-29.92342	-2.91971	16.44	26.56935	2.21411	0.04	0.36	2.79972	0.24390	30.43352	2.23881	655.96	-8.98512	-0.74876	-39.40	-4.93	6.48610	-5.66613	-8.59328	-0.74596	14.1	8.54096	0.71175	0.9	0.1	2.64617	6.81818	8.91631	0.71429
2012-03-01	18.2	6.61159	0.55097	0.8	0.1	2.90142	4.59770	6.83505	0.55249	38.8	-33.54729	-2.79561	-4.2	-1.1	3.65842	-9.76744	-28.50001	-2.75689	15.59	-63.70525	-5.30877	-0.85	-0.85	2.74663	-5.17032	-47.11511	-5.17032	604.89	-97.26383	-8.10532	-102.03	-51.07	6.40505	-14.43303	-62.19158	-7.78554	14.2	8.48060	0.70672	0.7	0.1	2.65324	5.18519	8.85059	0.70922
2012-04-01	18.2	0.00000	0.00000	0.6	0.0	2.90142	3.40909	0.00000	0.00000	34.4	-144.43642	-12.03637	-11.4	-4.4	3.53806	-24.89083	-76.41040	-11.34021	17.76	156.38287	13.03191	1.14	2.17	2.87695	6.85921	377.70760	13.91918	610.94	11.94256	0.99521	-150.26	6.05	6.41500	-19.73988	12.68494	1.00018	14.2	0.00000	0.00000	0.6	0.0	2.65324	4.41176	0.00000	0.00000
2012-05-01	18.2	0.00000	0.00000	0.8	0.0	2.90142	4.59770	0.00000	0.00000	32.5	-68.17977	-5.68165	-11.5	-1.9	3.48124	-26.13636	-49.42929	-5.52326	20.30	160.40658	13.36721	3.68	2.54	3.01062	22.14200	397.32114	14.30180	659.75	92.23466	7.68622	-71.53	48.81	6.49186	-9.78148	151.51857	7.98933	14.1	-8.48060	-0.70672	0.7	-0.1	2.64617	5.22388	-8.13095	-0.70423
2012-06-01	17.8	-26.66776	-2.22231	0.8	-0.4	2.87920	4.70588	-23.40801	-2.19780	34.5	71.66308	5.97192	-9.8	2.0	3.54096	-22.12190	104.75231	6.15385	20.64	19.93207	1.66101	4.10	0.34	3.02723	24.78839	22.05733	1.67488	712.08	91.59515	7.63293	-20.64	52.33	6.56819	-2.81690	149.91520	7.93179	13.8	-25.80745	-2.15062	0.7	-0.3	2.62467	5.34351	-22.74623	-2.12766
2012-07-01	17.8	0.00000	0.00000	0.7	0.0	2.87920	4.09357	0.00000	0.00000	33.6	-31.71991	-2.64333	-8.0	-0.9	3.51453	-19.23077	-27.18142	-2.60870	19.39	-74.96817	-6.24735	3.10	-1.25	2.96476	19.03008	-52.74830	-6.05620	651.50	-106.69544	-8.89129	-26.16	-60.58	6.47928	-3.86034	-65.59452	-8.50747	13.8	0.00000	0.00000	0.6	0.0	2.62467	4.54545	0.00000	0.00000
2012-08-01	18.0	13.40796	1.11733	0.7	0.2	2.89037	4.04624	14.34838	1.12360	31.7	-69.85126	-5.82094	-10.1	-1.9	3.45632	-24.16268	-50.26755	-5.65476	19.10	-18.08296	-1.50691	3.10	-0.29	2.94969	19.37500	-16.54225	-1.49562	605.47	-87.92686	-7.32724	-63.33	-46.03	6.40601	-9.46920	-58.49136	-7.06523	14.0	17.26648	1.43887	0.7	0.2	2.63906	5.26316	18.84677	1.44928
2012-09-01	18.2	13.25980	1.10498	0.9	0.2	2.90142	5.20231	14.17909	1.11111	30.6	-42.38001	-3.53167	-14.5	-1.1	3.42100	-32.15078	-34.54453	-3.47003	19.14	2.51046	0.20921	2.93	0.04	2.95178	18.07526	2.54224	0.20942	585.68	-39.87774	-3.32315	-145.39	-19.79	6.37277	-19.88729	-32.88599	-3.26854	14.1	8.54096	0.71175	0.8	0.1	2.64617	6.01504	8.91631	0.71429
2012-10-01	18.5	19.61897	1.63491	1.1	0.3	2.91777	6.32184	21.67576	1.64835	31.8	46.15954	3.84663	-12.4	1.2	3.45947	-28.05430	58.66032	3.92157	18.31	-53.19963	-4.43330	1.81	-0.83	2.90745	10.96970	-41.25689	-4.33647	582.26	-7.02778	-0.58565	-147.04	-3.42	6.36692	-20.16180	-6.78651	-0.58394	14.4	25.26409	2.10534	1.0	0.3	2.66723	7.46269	28.74209	2.12766
2012-11-01	18.8	19.30337	1.60861	1.1	0.3	2.93386	6.21469	21.29236	1.62162	30.4	-54.02842	-4.50237	-12.8	-1.4	3.41444	-29.62963	-41.74173	-4.40252	17.29	-68.78287	-5.73191	0.50	-1.02	2.85013	2.97796	-49.73337	-5.57073	525.62	-122.80628	-10.23386	-199.71	-56.64	6.26458	-27.53367	-70.71406	-9.72761	14.7	24.74314	2.06193	1.0	0.3	2.68785	7.29927	28.07316	2.08333
2012-12-01	19.0	12.69853	1.05821	1.2	0.2	2.94444	6.74157	13.54003	1.06383	29.6	-32.00190	-2.66682	-12.6	-0.8	3.38777	-29.85782	-27.38647	-2.63158	17.02	-18.88701	-1.57392	-0.13	-0.27	2.83439	-0.75802	-17.21060	-1.56160	503.79	-50.90280	-4.24190	-219.94	-21.83	6.22216	-30.38979	-39.89205	-4.15319	14.9	16.21646	1.35137	1.0	0.2	2.70136	7.19424	17.60538	1.36054
2013-01-01	18.9	-6.33247	-0.52771	1.0	-0.1	2.93916	5.58659	-6.13613	-0.52632	30.0	16.10762	1.34230	-11.1	0.4	3.40120	-27.00730	17.47745	1.35135	18.20	80.43897	6.70325	2.12	1.18	2.90142	13.18408	123.53318	6.93302	546.00	96.55135	8.04595	-114.89	42.21	6.30262	-17.38413	162.61359	8.37849	14.8	-8.08084	-0.67340	0.8	-0.1	2.69463	5.71429	-7.76296	-0.67114
2013-02-01	19.1	12.63170	1.05264	1.0	0.2	2.94969	5.52486	13.46417	1.05820	28.6	-57.34880	-4.77907	-11.3	-1.4	3.35341	-28.32080	-43.64437	-4.66667	21.39	193.80231	16.15019	4.95	3.19	3.06292	30.10949	594.50081	17.52747	611.75	136.44567	11.37047	-44.21	65.75	6.41632	-6.73974	291.35963	12.04212	15.0	16.10762	1.34230	0.9	0.2	2.70805	6.38298	17.47745	1.35135
2013-03-01	19.2	6.26633	0.52219	1.0	0.1	2.95491	5.49451	6.46683	0.52356	28.4	-8.42109	-0.70176	-10.4	-0.2	3.34639	-26.80412	-8.07626	-0.69930	21.22	-9.57527	-0.79794	5.63	-0.17	3.05494	36.11289	-9.13113	-0.79476	602.65	-17.98453	-1.49871	-2.24	-9.10	6.40134	-0.37032	-16.46005	-1.48754	15.1	7.97345	0.66445	0.9	0.1	2.71469	6.33803	8.29995	0.66667
2013-04-01	19.3	6.23378	0.51948	1.1	0.1	2.96011	6.04396	6.43218	0.52083	28.3	-4.23281	-0.35273	-6.1	-0.1	3.34286	-17.73256	-4.14448	-0.35211	21.84	34.55882	2.87990	4.08	0.62	3.08374	22.97297	41.28207	2.92177	618.07	30.31815	2.52651	7.13	15.42	6.42660	1.16705	35.41602	2.55870	15.1	0.00000	0.00000	0.9	0.0	2.71469	6.33803	0.00000	0.00000
2013-05-01	19.2	-6.23378	-0.51948	1.0	-0.1	2.95491	5.49451	-6.04346	-0.51813	30.3	81.94309	6.82859	-2.2	2.0	3.41115	-6.76923	126.92081	7.06714	20.40	-81.84990	-6.82083	0.10	-1.44	3.01553	0.49261	-55.89068	-6.59341	618.12	0.09707	0.00809	-41.63	0.05	6.42668	-6.30997	0.09712	0.00809	15.0	-7.97345	-0.66445	0.9	-0.1	2.70805	6.38298	-7.66385	-0.66225
2013-06-01	18.9	-18.89803	-1.57484	1.1	-0.3	2.93916	6.17978	-17.21972	-1.56250	36.4	220.10527	18.34211	1.9	6.1	3.59457	5.50725	803.45195	20.13201	17.18	-206.14678	-17.17890	-3.46	-3.22	2.84375	-16.76357	-87.27330	-15.78431	625.35	13.95466	1.16289	-86.73	7.23	6.43831	-12.17981	14.97523	1.16968	14.7	-24.24325	-2.02027	0.9	-0.3	2.68785	6.52174	-21.52833	-2.00000
2013-07-01	18.7	-12.76608	-1.06384	0.9	-0.2	2.92852	5.05618	-11.98481	-1.05820	40.9	139.87355	11.65613	7.3	4.5	3.71113	21.72619	305.00752	12.36264	15.45	-127.36430	-10.61369	-3.94	-1.73	2.73761	-20.31975	-72.01896	-10.06985	631.91	12.52258	1.04355	-19.59	6.56	6.44875	-3.00691	13.34044	1.04901	14.5	-16.43861	-1.36988	0.7	-0.2	2.67415	5.07246	-15.15856	-1.36054
2013-08-01	19.1	25.39777	2.11648	1.1	0.4	2.94969	6.11111	28.91431	2.13904	39.1	-54.00912	-4.50076	7.4	-1.8	3.66612	23.34385	-41.73049	-4.40098	16.42	73.06932	6.08911	-2.68	0.97	2.79850	-14.03141	107.65196	6.27832	642.02	19.04697	1.58725	36.55	10.11	6.46462	6.03663	20.98177	1.59991	14.8	24.57424	2.04785	0.8	0.3	2.69463	5.71429	27.85701	2.06897
2013-09-01	19.2	6.26633	0.52219	1.0	0.1	2.95491	5.49451	6.46683	0.52356	38.5	-18.55707	-1.54642	7.9	-0.6	3.65066	25.81699	-16.93699	-1.53453	16.18	-17.66903	-1.47242	-2.96	-0.24	2.78378	-15.46499	-16.19607	-1.46163	622.93	-36.22236	-3.01853	37.25	-19.09	6.43443	6.36013	-30.38733	-2.97343	14.9	8.08084	0.67340	0.8	0.1	2.70136	5.67376	8.41631	0.67568
2013-10-01	19.6	24.74314	2.06193	1.1	0.4	2.97553	5.94595	28.07316	2.08333	43.3	140.99327	11.74944	11.5	4.8	3.76815	36.16352	309.56799	12.46753	16.47	21.31756	1.77646	-1.84	0.29	2.80154	-10.04915	23.76019	1.79234	713.15	162.30915	13.52576	130.89	90.22	6.56969	22.47965	406.87361	14.48317	15.2	23.92106	1.99342	0.8	0.3	2.72130	5.55556	27.02460	2.01342
2013-11-01	20.0	24.24325	2.02027	1.2	0.4	2.99573	6.38298	27.43452	2.04082	43.5	5.52996	0.46083	13.1	0.2	3.77276	43.09211	5.68572	0.46189	16.37	-7.30818	-0.60902	-0.92	-0.10	2.79545	-5.32099	-7.04752	-0.60716	712.10	-1.76811	-0.14734	186.48	-1.05	6.56822	35.47810	-1.75257	-0.14723	15.5	23.45352	1.95446	0.8	0.3	2.74084	5.44218	26.43209	1.97368
2013-12-01	19.9	-6.01505	-0.50125	0.9	-0.1	2.99072	4.73684	-5.83772	-0.50000	39.3	-121.84370	-10.15364	9.7	-4.2	3.67122	32.77027	-70.43080	-9.65517	16.52	10.94565	0.91214	-0.50	0.15	2.80457	-2.93772	11.56716	0.91631	649.24	-110.89908	-9.24159	145.45	-62.86	6.47580	28.87116	-67.01083	-8.82741	15.5	0.00000	0.00000	0.6	0.0	2.74084	4.02685	0.00000	0.00000
2014-01-01	20.0	6.01505	0.50125	1.1	0.1	2.99573	5.82011	6.19964	0.50251	38.0	-40.36603	-3.36384	8.0	-1.3	3.63759	26.66667	-33.21290	-3.30789	15.25	-95.99072	-7.99923	-2.95	-1.27	2.72458	-16.20879	-61.70716	-7.68765	579.50	-136.36414	-11.36368	33.50	-69.74	6.36217	6.13553	-74.42721	-10.74179	15.6	7.71707	0.64309	0.8	0.1	2.74727	5.40541	8.02264	0.64516
2014-02-01	20.2	11.94040	0.99503	1.1	0.2	3.00568	5.75916	12.68250	1.00000	38.8	25.00090	2.08341	10.2	0.8	3.65842	35.66434	28.40370	2.10526	15.01	-19.03543	-1.58629	-6.38	-0.24	2.70872	-29.82702	-17.33338	-1.57377	582.39	5.96960	0.49747	-29.36	2.89	6.36714	-4.79935	6.15138	0.49871	15.8	15.28683	1.27390	0.8	0.2	2.76001	5.33333	16.51715	1.28205
2014-03-01	20.4	11.82276	0.98523	1.2	0.2	3.01553	6.25000	12.55002	0.99010	36.9	-60.25043	-5.02087	8.5	-1.9	3.60821	29.92958	-45.25611	-4.89691	15.59	45.49564	3.79130	-5.63	0.58	2.74663	-26.53157	57.61047	3.86409	575.27	-14.76100	-1.23008	-27.38	-7.12	6.35484	-4.54327	-13.72324	-1.22255	16.0	15.09454	1.25788	0.9	0.2	2.77259	5.96026	16.29331	1.26582
2014-04-01	20.7	17.51856	1.45988	1.4	0.3	3.03013	7.25389	19.14673	1.47059	35.0	-63.43619	-5.28635	6.7	-1.9	3.55535	23.67491	-46.97262	-5.14905	16.41	61.51347	5.12612	-5.43	0.82	2.79789	-24.86264	84.99057	5.25978	574.35	-1.92064	-0.16005	-43.72	-0.92	6.35324	-7.07363	-1.90231	-0.15992	16.4	29.63114	2.46926	1.3	0.4	2.79728	8.60927	34.48888	2.50000
2014-05-01	20.3	-23.41538	-1.95128	1.1	-0.4	3.01062	5.72917	-20.87599	-1.93237	41.8	213.05793	17.75483	11.5	6.8	3.73290	37.95380	741.97433	19.42857	16.40	-0.73148	-0.06096	-4.00	-0.01	2.79728	-19.60784	-0.72882	-0.06094	685.52	212.32645	17.69387	67.40	111.17	6.53018	10.90403	735.83789	19.35579	16.1	-22.15448	-1.84621	1.1	-0.3	2.77882	7.33333	-19.87199	-1.82927
2014-06-01	20.1	-11.88129	-0.99011	1.2	-0.2	3.00072	6.34921	-11.20260	-0.98522	40.0	-52.82026	-4.40169	3.6	-1.8	3.68888	9.89011	-41.03361	-4.30622	16.63	16.71235	1.39270	-0.55	0.23	2.81121	-3.20140	18.19002	1.40244	665.20	-36.10791	-3.00899	39.85	-20.32	6.50009	6.37243	-30.30761	-2.96417	15.9	-15.00020	-1.25002	1.2	-0.2	2.76632	8.16327	-13.92937	-1.24224
2014-07-01	20.1	0.00000	0.00000	1.4	0.0	3.00072	7.48663	0.00000	0.00000	39.2	-24.24325	-2.02027	-1.7	-0.8	3.66868	-4.15648	-21.52833	-2.00000	16.47	-11.60130	-0.96677	1.02	-0.16	2.80154	6.60194	-10.95363	-0.96212	645.62	-35.85198	-2.98767	13.71	-19.58	6.47021	2.16961	-30.12902	-2.94348	15.9	0.00000	0.00000	1.4	0.0	2.76632	9.65517	0.00000	0.00000
2014-08-01	20.3	11.88129	0.99011	1.2	0.2	3.01062	6.28272	12.61591	0.99502	38.8	-12.30780	-1.02565	-0.3	-0.4	3.65842	-0.76726	-11.58053	-1.02041	16.05	-30.99803	-2.58317	-0.37	-0.42	2.77571	-2.25335	-26.65386	-2.55009	622.74	-43.29840	-3.60820	-19.28	-22.88	6.43413	-3.00302	-35.14291	-3.54388	16.0	7.52354	0.62696	1.2	0.1	2.77259	8.10811	7.81379	0.62893
2014-09-01	20.3	0.00000	0.00000	1.1	0.0	3.01062	5.72917	0.00000	0.00000	41.5	80.72782	6.72732	3.0	2.7	3.72569	7.79221	124.17979	6.95876	16.15	7.45344	0.62112	-0.03	0.10	2.78192	-0.18541	7.73824	0.62305	670.23	88.19021	7.34918	47.30	47.49	6.50762	7.59315	141.54898	7.62598	16.0	0.00000	0.00000	1.1	0.0	2.77259	7.38255	0.00000	0.00000
2014-10-01	20.8	29.19852	2.43321	1.2	0.5	3.03495	6.12245	33.90832	2.46305	39.6	-56.23717	-4.68643	-3.7	-1.9	3.67883	-8.54503	-43.01441	-4.57831	16.40	18.43354	1.53613	-0.07	0.25	2.79728	-0.42502	20.24191	1.54799	649.44	-37.81258	-3.15105	-63.71	-20.79	6.47611	-8.93360	-31.48557	-3.10192	16.5	36.92599	3.07717	1.3	0.5	2.80336	8.55263	44.66635	3.12500
2014-11-01	21.1	17.18406	1.43201	1.1	0.3	3.04927	5.50000	18.74886	1.44231	41.3	50.44006	4.20334	-2.2	1.7	3.72086	-5.05747	65.59926	4.29293	16.02	-28.13207	-2.34434	-0.35	-0.38	2.77384	-2.13806	-24.52138	-2.31707	661.63	22.31524	1.85960	-50.47	12.19	6.49471	-7.08749	25.00111	1.87700	16.7	14.45801	1.20483	1.2	0.2	2.81541	7.74194	15.55542	1.21212
2014-12-01	21.1	0.00000	0.00000	1.2	0.0	3.04927	6.03015	0.00000	0.00000	40.8	-14.61650	-1.21804	1.5	-0.5	3.70868	3.81679	-13.59849	-1.21065	16.34	23.73378	1.97781	-0.18	0.32	2.79362	-1.08959	26.78693	1.99750	666.67	9.10642	0.75887	17.43	5.04	6.50230	2.68468	9.53393	0.76176	16.8	7.16420	0.59702	1.3	0.1	2.82138	8.38710	7.42707	0.59880
2015-01-01	21.0	-5.70072	-0.47506	1.0	-0.1	3.04452	5.00000	-5.54128	-0.47393	40.1	-20.76690	-1.73057	2.1	-0.7	3.69138	5.52632	-18.75240	-1.71569	16.77	31.17058	2.59755	1.52	0.43	2.81959	9.96721	36.57529	2.63158	672.48	10.41264	0.86772	92.98	5.81	6.51097	16.04487	10.97407	0.87150	16.9	7.12168	0.59347	1.3	0.1	2.82731	8.33333	7.38140	0.59524
2015-02-01	21.2	11.37449	0.94787	1.0	0.2	3.05400	4.95050	12.04663	0.95238	40.0	-2.99626	-0.24969	1.2	-0.1	3.68888	3.09278	-2.95181	-0.24938	16.90	9.26646	0.77220	1.89	0.13	2.82731	12.59161	9.70937	0.77519	676.00	6.26485	0.52207	93.61	3.52	6.51619	16.07342	6.46525	0.52344	17.1	14.11781	1.17648	1.3	0.2	2.83908	8.22785	15.16297	1.18343
2015-03-01	21.4	11.26769	0.93897	1.0	0.2	3.06339	4.90196	11.92702	0.94340	39.4	-18.13637	-1.51136	2.5	-0.6	3.67377	6.77507	-16.58680	-1.50000	17.09	13.41585	1.11799	1.50	0.19	2.83849	9.62155	14.35741	1.12426	673.35	-4.71339	-0.39278	98.08	-2.65	6.51227	17.04939	-4.60403	-0.39201	17.3	13.95365	1.16280	1.3	0.2	2.85071	8.12500	14.97407	1.16959
2015-04-01	21.4	0.00000	0.00000	0.7	0.0	3.06339	3.38164	0.00000	0.00000	40.9	44.83710	3.73642	5.9	1.5	3.71113	16.85714	56.57594	3.80711	17.11	1.40351	0.11696	0.70	0.02	2.83966	4.26569	1.41340	0.11703	699.80	46.23519	3.85293	125.45	26.45	6.55079	21.84208	58.78040	3.92812	17.3	0.00000	0.00000	0.9	0.0	2.85071	5.48780	0.00000	0.00000
2015-05-01	21.3	-5.62062	-0.46838	1.0	-0.1	3.05871	4.92611	-5.46558	-0.46729	39.7	-35.73465	-2.97789	-2.1	-1.2	3.68135	-5.02392	-30.04699	-2.93399	17.86	51.48059	4.29005	1.46	0.75	2.88256	8.90244	67.33136	4.38340	709.04	15.74083	1.31174	23.52	9.24	6.56391	3.43097	17.04735	1.32038	17.3	0.00000	0.00000	1.2	0.0	2.85071	7.45342	0.00000	0.00000
2015-06-01	20.9	-22.74950	-1.89579	0.8	-0.4	3.03975	3.98010	-20.34736	-1.87793	40.0	9.03392	0.75283	0.0	0.3	3.68888	0.00000	9.45455	0.75567	18.27	27.23615	2.26968	1.64	0.41	2.90526	9.86170	31.30616	2.29563	730.80	36.27346	3.02279	65.60	21.76	6.59414	9.86170	43.72543	3.06894	17.0	-20.99179	-1.74932	1.1	-0.3	2.83321	6.91824	-18.93492	-1.73410
2015-07-01	20.9	0.00000	0.00000	0.8	0.0	3.03975	3.98010	0.00000	0.00000	37.8	-67.88442	-5.65704	-1.4	-2.2	3.63231	-3.57143	-49.27971	-5.50000	17.76	-33.97396	-2.83116	1.29	-0.51	2.87695	7.83242	-28.80443	-2.79146	671.33	-101.85481	-8.48790	25.71	-59.47	6.50926	3.98222	-63.88811	-8.13766	17.0	0.00000	0.00000	1.1	0.0	2.83321	6.91824	0.00000	0.00000
2015-08-01	21.2	17.10243	1.42520	0.9	0.3	3.05400	4.43350	18.65195	1.43541	38.0	6.33247	0.52771	-0.8	0.2	3.63759	-2.06186	6.53727	0.52910	17.67	-6.09654	-0.50805	1.62	-0.09	2.87187	10.09346	-5.91442	-0.50676	671.46	0.23235	0.01936	48.72	0.13	6.50945	7.82349	0.23262	0.01936	17.3	20.99179	1.74932	1.3	0.3	2.85071	8.12500	23.35768	1.76471
2015-09-01	21.2	0.00000	0.00000	0.9	0.0	3.05400	4.43350	0.00000	0.00000	36.9	-35.24953	-2.93746	-4.6	-1.1	3.60821	-11.08434	-29.70681	-2.89474	17.82	10.14376	0.84531	1.67	0.15	2.88032	10.34056	10.67609	0.84890	657.56	-25.10212	-2.09184	-12.67	-13.90	6.48854	-1.89040	-22.19941	-2.07012	17.3	0.00000	0.00000	1.3	0.0	2.85071	8.12500	0.00000	0.00000
2015-10-01	21.8	33.49055	2.79088	1.0	0.6	3.08191	4.80769	39.78082	2.83019	37.3	12.93813	1.07818	-2.3	0.4	3.61899	-5.80808	13.81240	1.08401	18.09	18.04545	1.50379	1.69	0.27	2.89536	10.30488	19.77617	1.51515	674.76	30.98527	2.58211	25.32	17.20	6.51436	3.89874	36.32243	2.61573	17.9	40.91305	3.40942	1.4	0.6	2.88480	8.48485	50.55082	3.46821
2015-11-01	22.0	10.95898	0.91325	0.9	0.2	3.09104	4.26540	11.58203	0.91743	38.4	34.87696	2.90641	-2.9	1.1	3.64806	-7.02179	41.73226	2.94906	18.13	2.65047	0.22087	2.11	0.04	2.89757	13.17104	2.68591	0.22112	696.19	37.51865	3.12655	34.56	21.43	6.54562	5.22346	45.52628	3.17594	18.1	13.33347	1.11112	1.4	0.2	2.89591	8.38323	14.26324	1.11732
2015-12-01	22.2	10.85980	0.90498	1.1	0.2	3.10009	5.21327	11.47142	0.90909	39.1	21.67801	1.80650	-1.7	0.7	3.66612	-4.16667	24.20709	1.82292	18.84	46.09709	3.84142	2.50	0.71	2.93598	15.29988	58.56128	3.91616	736.64	67.77203	5.64767	69.97	40.45	6.60210	10.49545	96.93831	5.81020	18.3	13.18695	1.09891	1.5	0.2	2.90690	8.92857	14.09594	1.10497
2016-01-01	22.0	-10.85980	-0.90498	1.0	-0.2	3.09104	4.76190	-10.29090	-0.90090	38.4	-21.67801	-1.80650	-1.7	-0.7	3.64806	-4.23940	-19.48930	-1.79028	18.39	-29.01028	-2.41752	1.62	-0.45	2.91181	9.66011	-25.18133	-2.38854	706.18	-50.67497	-4.22291	33.70	-30.46	6.55987	5.01130	-39.75495	-4.13499	18.2	-6.57536	-0.54795	1.3	-0.1	2.90142	7.69231	-6.36384	-0.54645
2016-02-01	22.1	5.44219	0.45352	0.9	0.1	3.09558	4.24528	5.59300	0.45455	39.1	21.67801	1.80650	-0.9	0.7	3.66612	-2.25000	24.20709	1.82292	17.39	-67.09405	-5.59117	0.49	-1.00	2.85590	2.89941	-48.87725	-5.43774	679.95	-45.42108	-3.78509	3.95	-26.23	6.52202	0.58432	-36.50511	-3.71435	18.3	6.57536	0.54795	1.2	0.1	2.90690	7.01754	6.79635	0.54945
2016-03-01	22.4	16.18002	1.34834	1.0	0.3	3.10906	4.67290	17.56253	1.35747	37.2	-59.77645	-4.98137	-2.2	-1.9	3.61631	-5.58376	-44.99601	-4.85934	17.77	25.93958	2.16163	0.68	0.38	2.87751	3.97894	29.61467	2.18516	661.04	-33.84590	-2.82049	-12.31	-18.91	6.49381	-1.82817	-28.71320	-2.78109	18.5	13.04361	1.08697	1.2	0.2	2.91777	6.93642	13.93251	1.09290
2016-04-01	22.2	-10.76240	-0.89687	0.8	-0.2	3.10009	3.73832	-10.20349	-0.89286	37.0	-6.46902	-0.53908	-3.9	-0.2	3.61092	-9.53545	-6.26422	-0.53763	18.17	26.71229	2.22602	1.06	0.40	2.89977	6.19521	30.62009	2.25098	672.29	20.25053	1.68754	-27.51	11.25	6.51069	-3.93112	22.44666	1.70186	18.5	0.00000	0.00000	1.2	0.0	2.91777	6.93642	0.00000	0.00000
2016-05-01	22.2	0.00000	0.00000	0.9	0.0	3.10009	4.22535	0.00000	0.00000	37.8	25.66943	2.13912	-1.9	0.8	3.63231	-4.78589	29.26499	2.16216	18.18	0.66025	0.05502	0.32	0.01	2.90032	1.79171	0.66243	0.05504	687.20	26.32269	2.19356	-21.84	14.91	6.53263	-3.08022	30.11219	2.21779	18.5	0.00000	0.00000	1.2	0.0	2.91777	6.93642	0.00000	0.00000
2016-06-01	22.0	-10.85980	-0.90498	1.1	-0.2	3.09104	5.26316	-10.29090	-0.90090	37.2	-19.20041	-1.60003	-2.8	-0.6	3.61631	-7.00000	-17.46965	-1.58730	18.77	38.32531	3.19378	0.50	0.59	2.93226	2.73673	46.70494	3.24532	698.24	19.12502	1.59375	-32.56	11.04	6.54856	-4.45539	21.07623	1.60652	18.2	-19.61897	-1.63491	1.2	-0.3	2.90142	7.05882	-17.81437	-1.62162
2016-07-01	21.8	-10.95898	-0.91325	0.9	-0.2	3.08191	4.30622	-10.37983	-0.90909	36.9	-9.71665	-0.80972	-0.9	-0.3	3.60821	-2.38095	-9.25951	-0.80645	19.76	61.67981	5.13998	2.00	0.99	2.98366	11.26126	85.29855	5.27437	729.14	51.96345	4.33029	57.81	30.90	6.59187	8.61126	68.14130	4.42541	18.0	-13.25980	-1.10498	1.0	-0.2	2.89037	5.88235	-12.41829	-1.09890
2016-08-01	22.0	10.95898	0.91325	0.8	0.2	3.09104	3.77358	11.58203	0.91743	38.3	44.68601	3.72383	0.3	1.4	3.64545	0.78947	56.33956	3.79404	19.31	-27.64392	-2.30366	1.64	-0.45	2.96062	9.28127	-24.15202	-2.27733	739.57	17.04381	1.42032	68.11	10.43	6.60607	10.14357	18.58243	1.43045	18.2	13.25980	1.10498	0.9	0.2	2.90142	5.20231	14.17909	1.11111
2016-09-01	22.0	0.00000	0.00000	0.8	0.0	3.09104	3.77358	0.00000	0.00000	37.3	-31.74788	-2.64566	0.4	-1.0	3.61899	1.08401	-27.20179	-2.61097	19.29	-1.24352	-0.10363	1.47	-0.02	2.95959	8.24916	-1.23582	-0.10357	719.52	-32.98154	-2.74846	61.96	-20.05	6.57858	9.42271	-28.09435	-2.71103	18.2	0.00000	0.00000	0.9	0.0	2.90142	5.20231	0.00000	0.00000
2016-10-01	22.5	26.96743	2.24729	0.7	0.5	3.11352	3.21101	30.95378	2.27273	36.4	-29.30946	-2.44246	-0.9	-0.9	3.59457	-2.41287	-25.40484	-2.41287	19.97	41.57318	3.46443	1.88	0.68	2.99423	10.39248	51.54794	3.52514	726.91	12.26202	1.02184	52.15	7.39	6.58880	7.72867	13.04550	1.02707	18.6	26.08798	2.17400	0.7	0.4	2.92316	3.91061	29.80717	2.19780
2016-11-01	22.9	21.14592	1.76216	0.9	0.4	3.13114	4.09091	23.54796	1.77778	37.5	35.72659	2.97722	-0.9	1.1	3.62434	-2.34375	42.94159	3.02198	20.81	49.44299	4.12025	2.68	0.84	3.03543	14.78213	63.95633	4.20631	780.38	85.17397	7.09783	84.19	53.47	6.65978	12.09296	134.37206	7.35579	19.0	25.53288	2.12774	0.9	0.4	2.94444	4.97238	29.08860	2.15054
2016-12-01	23.1	10.43485	0.86957	0.9	0.2	3.13983	4.05405	10.99872	0.87336	36.8	-22.61171	-1.88431	-2.3	-0.7	3.60550	-5.88235	-20.23753	-1.86667	21.24	24.54307	2.04526	2.40	0.43	3.05589	12.73885	27.81717	2.06631	781.63	1.92060	0.16005	44.99	1.25	6.66138	6.10746	1.93916	0.16018	19.1	6.29923	0.52494	0.8	0.1	2.94969	4.37158	6.50186	0.52632
2017-01-01	22.9	-10.43485	-0.86957	0.9	-0.2	3.13114	4.09091	-9.90887	-0.86580	36.5	-9.82270	-0.81856	-1.9	-0.3	3.59731	-4.94792	-9.35569	-0.81522	21.00	-13.63651	-1.13638	2.61	-0.24	3.04452	14.19250	-12.74760	-1.12994	766.50	-23.45614	-1.95468	60.32	-15.13	6.64183	8.54173	-20.90823	-1.93570	18.9	-12.63170	-1.05264	0.7	-0.2	2.93916	3.84615	-11.86645	-1.04712
2017-02-01	23.2	15.61844	1.30154	1.1	0.3	3.14415	4.97738	16.90418	1.31004	36.0	-16.55199	-1.37933	-3.1	-0.5	3.58352	-7.92839	-15.25470	-1.36986	21.58	32.69343	2.72445	4.19	0.58	3.07177	24.09431	38.67103	2.76190	776.88	16.14144	1.34512	96.93	10.38	6.65529	14.25546	17.51719	1.35421	19.1	12.63170	1.05264	0.8	0.2	2.94969	4.37158	13.46417	1.05820
2017-03-01	23.3	5.16130	0.43011	0.9	0.1	3.14845	4.01786	5.29681	0.43103	36.8	26.37469	2.19789	-0.4	0.8	3.60550	-1.07527	30.17986	2.22222	21.74	8.86431	0.73869	3.97	0.16	3.07915	22.34102	9.26906	0.74143	800.03	35.23599	2.93633	138.99	23.15	6.68465	21.02596	42.24204	2.97987	19.1	0.00000	0.00000	0.6	0.0	2.94969	3.24324	0.00000	0.00000
2017-04-01	23.2	-5.16130	-0.43011	1.0	-0.1	3.14415	4.50450	-5.03037	-0.42918	36.6	-6.53953	-0.54496	-0.4	-0.2	3.60005	-1.08108	-6.33028	-0.54348	21.98	13.17488	1.09791	3.81	0.24	3.09013	20.96863	14.08217	1.10396	804.47	6.64134	0.55344	132.18	4.44	6.69018	19.66116	6.86684	0.55498	19.1	0.00000	0.00000	0.6	0.0	2.94969	3.24324	0.00000	0.00000
2017-05-01	23.2	0.00000	0.00000	1.0	0.0	3.14415	4.50450	0.00000	0.00000	34.4	-74.39001	-6.19917	-3.4	-2.2	3.53806	-8.99471	-52.47433	-6.01093	22.58	32.31793	2.69316	4.40	0.60	3.11706	24.20242	38.15131	2.72975	776.75	-42.07815	-3.50651	89.55	-27.72	6.65512	13.03114	-34.34665	-3.44575	19.0	-6.29923	-0.52494	0.5	-0.1	2.94444	2.70270	-6.10493	-0.52356
2017-06-01	22.8	-20.87009	-1.73917	0.8	-0.4	3.12676	3.63636	-18.83620	-1.72414	34.0	-14.03525	-1.16960	-3.2	-0.4	3.52636	-8.60215	-13.09481	-1.16279	21.77	-43.83802	-3.65317	3.00	-0.81	3.08053	15.98295	-35.49195	-3.58725	740.18	-57.87018	-4.82251	41.94	-36.57	6.60689	6.00653	-43.93743	-4.70808	18.6	-25.53288	-2.12774	0.4	-0.4	2.92316	2.19780	-22.53382	-2.10526
2017-07-01	22.8	0.00000	0.00000	1.0	0.0	3.12676	4.58716	0.00000	0.00000	32.1	-69.00539	-5.75045	-4.8	-1.9	3.46886	-13.00813	-49.84510	-5.58824	22.08	16.96722	1.41393	2.32	0.31	3.09467	11.74089	18.49163	1.42398	708.77	-52.03479	-4.33623	-20.37	-31.41	6.56353	-2.79370	-40.56863	-4.24356	18.5	-6.46902	-0.53908	0.5	-0.1	2.91777	2.77778	-6.26422	-0.53763
2017-08-01	23.1	15.68650	1.30721	1.1	0.3	3.13983	5.00000	16.98377	1.31579	33.3	44.04164	3.67014	-5.0	1.2	3.50556	-13.05483	55.33539	3.73832	21.78	-16.41612	-1.36801	2.47	-0.30	3.08099	12.79130	-15.13948	-1.35870	725.27	27.61551	2.30129	-14.30	16.50	6.58654	-1.93356	31.80523	2.32798	18.8	19.30337	1.60861	0.6	0.3	2.93386	3.29670	21.29236	1.62162
2017-09-01	22.6	-26.25925	-2.18827	0.6	-0.5	3.11795	2.72727	-23.09448	-2.16450	33.0	-10.85980	-0.90498	-4.3	-0.3	3.49651	-11.52815	-10.29090	-0.90090	21.94	8.78320	0.73193	2.65	0.16	3.08831	13.73769	9.18047	0.73462	724.02	-2.06998	-0.17250	4.50	-1.25	6.58482	0.62542	-2.04870	-0.17235	18.5	-19.30337	-1.60861	0.3	-0.3	2.91777	1.64835	-17.55458	-1.59574
2017-10-01	24.0	72.12471	6.01039	1.5	1.4	3.17805	6.66667	105.69969	6.19469	34.8	63.73179	5.31098	-1.6	1.8	3.54962	-4.39560	89.14012	5.45455	21.54	-22.07974	-1.83998	1.57	-0.40	3.06991	7.86179	-19.81209	-1.82315	749.59	41.64885	3.47074	22.68	25.57	6.61953	3.12006	51.66265	3.53167	19.6	69.31060	5.77588	1.0	1.1	2.97553	5.37634	99.99177	5.94595
2017-11-01	24.4	19.83516	1.65293	1.5	0.4	3.19458	6.55022	21.93911	1.66667	35.5	23.89837	1.99153	-2.0	0.7	3.56953	-5.33333	26.99579	2.01149	22.35	44.29758	3.69146	1.54	0.81	3.10683	7.40029	55.73346	3.76045	793.43	68.20671	5.68389	13.05	43.84	6.67637	1.67226	97.79622	5.84853	20.0	24.24325	2.02027	1.0	0.4	2.99573	5.26316	27.43452	2.04082
2017-12-01	24.9	24.34161	2.02847	1.8	0.5	3.21487	7.79221	27.55992	2.04918	34.8	-23.89837	-1.99153	-2.0	-0.7	3.54962	-5.43478	-21.25723	-1.97183	21.93	-22.76491	-1.89708	0.69	-0.42	3.08786	3.24859	-20.35963	-1.87919	763.16	-46.67713	-3.88976	-18.47	-30.27	6.63747	-2.36301	-37.29765	-3.81508	20.4	23.76315	1.98026	1.3	0.4	3.01553	6.80628	26.82418	2.00000
2018-01-01	24.9	0.00000	0.00000	2.0	0.0	3.21487	8.73362	0.00000	0.00000	34.5	-10.38968	-0.86581	-2.0	-0.3	3.54096	-5.47945	-9.86816	-0.86207	21.70	-12.65196	-1.05433	0.70	-0.23	3.07731	3.33333	-11.88431	-1.04879	748.65	-23.03535	-1.91961	-17.85	-14.51	6.61827	-2.32877	-20.57472	-1.90131	20.4	0.00000	0.00000	1.5	0.0	3.01553	7.93651	0.00000	0.00000
2018-02-01	25.0	4.80963	0.40080	1.8	0.1	3.21888	7.75862	4.92716	0.40161	35.1	20.69017	1.72418	-0.9	0.6	3.55820	-2.50000	22.98616	1.73913	20.97	-41.06330	-3.42194	-0.61	-0.73	3.04309	-2.82669	-33.67697	-3.36406	736.05	-20.36824	-1.69735	-40.83	-12.60	6.60130	-5.25564	-18.42786	-1.68303	20.5	5.86798	0.48900	1.4	0.1	3.02042	7.32984	6.04357	0.49020
2018-03-01	25.0	0.00000	0.00000	1.7	0.0	3.21888	7.29614	0.00000	0.00000	35.8	23.69612	1.97468	-1.0	0.7	3.57795	-2.71739	26.73919	1.99430	20.78	-10.92223	-0.91019	-0.96	-0.19	3.03399	-4.41582	-10.34689	-0.90606	743.92	12.76254	1.06355	-56.11	7.87	6.61193	-7.01349	13.61273	1.06922	20.6	5.83943	0.48662	1.5	0.1	3.02529	7.85340	6.01329	0.48780
2018-04-01	24.9	-4.80963	-0.40080	1.7	-0.1	3.21487	7.32759	-4.69580	-0.40000	35.1	-23.69612	-1.97468	-1.5	-0.7	3.55820	-4.09836	-21.09781	-1.95531	20.99	12.06618	1.00551	-0.99	0.21	3.04405	-4.50409	12.82433	1.01059	736.75	-11.62186	-0.96849	-67.72	-7.17	6.60225	-8.41796	-10.97194	-0.96381	20.4	-11.70741	-0.97562	1.3	-0.2	3.01553	6.80628	-11.04807	-0.97087
2018-05-01	24.9	0.00000	0.00000	1.7	0.0	3.21487	7.32759	0.00000	0.00000	34.8	-10.30049	-0.85837	0.4	-0.3	3.54962	1.16279	-9.78775	-0.85470	21.20	11.94606	0.99550	-1.38	0.21	3.05400	-6.11160	12.68888	1.00048	737.76	1.64394	0.13699	-38.99	1.01	6.60362	-5.01963	1.65752	0.13709	20.4	0.00000	0.00000	1.4	0.0	3.01553	7.36842	0.00000	0.00000
2018-06-01	24.4	-24.34161	-2.02847	1.6	-0.5	3.19458	7.01754	-21.60547	-2.00803	34.0	-27.90823	-2.32569	0.0	-0.8	3.52636	0.00000	-24.35224	-2.29885	23.57	127.16824	10.59735	1.80	2.37	3.15997	8.26826	256.68485	11.17925	801.38	99.26001	8.27167	61.20	63.62	6.68634	8.26826	169.82410	8.62340	19.9	-29.77820	-2.48152	1.3	-0.5	2.99072	6.98925	-25.75368	-2.45098
2018-07-01	24.4	0.00000	0.00000	1.6	0.0	3.19458	7.01754	0.00000	0.00000	33.4	-21.36555	-1.78046	1.3	-0.6	3.50856	4.04984	-19.23734	-1.76471	23.41	-8.17372	-0.68114	1.33	-0.16	3.15316	6.02355	-7.84859	-0.67883	781.89	-29.54541	-2.46212	73.12	-19.49	6.66171	10.31646	-25.58064	-2.43205	20.0	6.01505	0.50125	1.5	0.1	2.99573	8.10811	6.19964	0.50251
2018-08-01	24.8	19.51263	1.62605	1.7	0.4	3.21084	7.35931	21.54644	1.63934	33.5	3.58745	0.29895	0.2	0.1	3.51155	0.60060	3.65257	0.29940	24.27	43.29329	3.60777	2.49	0.86	3.18924	11.43251	54.17727	3.67364	813.05	46.89425	3.90785	87.78	31.16	6.70079	12.10308	59.83031	3.98522	20.2	11.94040	0.99503	1.4	0.2	3.00568	7.44681	12.68250	1.00000
2018-09-01	24.8	0.00000	0.00000	2.2	0.0	3.21084	9.73451	0.00000	0.00000	35.1	55.98683	4.66557	2.1	1.6	3.55820	6.36364	75.04420	4.77612	24.60	16.20651	1.35054	2.66	0.33	3.20275	12.12397	17.59368	1.35970	863.46	72.18596	6.01550	139.44	50.41	6.76095	19.25914	105.82572	6.20011	20.2	0.00000	0.00000	1.7	0.0	3.00568	9.18919	0.00000	0.00000
2018-10-01	25.2	19.20041	1.60003	1.2	0.4	3.22684	5.00000	21.16755	1.61290	34.8	-10.30049	-0.85837	0.0	-0.3	3.54962	0.00000	-9.78775	-0.85470	24.36	-11.76480	-0.98040	2.82	-0.24	3.19294	13.09192	-11.09911	-0.97561	847.73	-22.06246	-1.83854	98.14	-15.73	6.74256	13.09249	-19.79823	-1.82174	20.5	17.69074	1.47423	0.9	0.3	3.02042	4.59184	19.35205	1.48515
2018-11-01	25.3	4.75248	0.39604	0.9	0.1	3.23080	3.68852	4.86722	0.39683	34.4	-13.87299	-1.15608	-1.1	-0.4	3.53806	-3.09859	-12.95369	-1.14943	23.22	-57.51416	-4.79285	0.87	-1.14	3.14501	3.89262	-43.73748	-4.67980	798.77	-71.38697	-5.94891	5.34	-48.96	6.68307	0.67303	-51.02547	-5.77542	20.7	11.65058	0.97088	0.7	0.2	3.03013	3.50000	12.35640	0.97561
2018-12-01	25.5	9.44887	0.78741	0.6	0.2	3.23868	2.40964	9.90967	0.79051	32.6	-64.49313	-5.37443	-2.2	-1.8	3.48431	-6.32184	-47.53014	-5.23256	24.26	52.57791	4.38149	2.33	1.04	3.18883	10.62472	69.17764	4.47890	790.88	-11.91215	-0.99268	27.72	-7.89	6.67315	3.63227	-11.23001	-0.98777	20.8	5.78314	0.48193	0.4	0.1	3.03495	1.96078	5.95364	0.48309
2019-01-01	26.4	41.62267	3.46856	1.5	0.9	3.27336	6.02410	51.62296	3.52941	33.2	21.88511	1.82376	-1.3	0.6	3.50255	-3.76812	24.46459	1.84049	23.63	-31.57417	-2.63118	1.93	-0.63	3.16252	8.89401	-27.07522	-2.59687	784.52	-9.68902	-0.80742	35.87	-6.36	6.66507	4.79129	-9.23443	-0.80417	21.7	50.83113	4.23593	1.3	0.9	3.07731	6.37255	66.24814	4.32692
2019-02-01	26.8	18.04545	1.50379	1.8	0.4	3.28840	7.20000	19.77617	1.51515	33.7	17.93755	1.49480	-1.4	0.5	3.51750	-3.98860	19.64700	1.50602	23.73	5.06758	0.42230	2.76	0.10	3.16674	13.16166	5.19817	0.42319	799.70	22.99751	1.91646	63.65	15.18	6.68424	8.64751	25.85687	1.93494	22.0	16.47623	1.37302	1.5	0.3	3.09104	7.31707	17.91128	1.38249
2019-03-01	26.9	4.46928	0.37244	1.9	0.1	3.29213	7.60000	4.57066	0.37313	32.4	-47.20730	-3.93394	-3.4	-1.3	3.47816	-9.49721	-37.62920	-3.85757	22.76	-50.08255	-4.17355	1.98	-0.97	3.12500	9.52839	-39.39698	-4.08765	737.42	-97.29486	-8.10790	-6.50	-62.28	6.60316	-0.87375	-62.20331	-7.78792	22.1	5.44219	0.45352	1.5	0.1	3.09558	7.28155	5.59300	0.45455
2019-04-01	26.2	-31.64025	-2.63669	1.3	-0.7	3.26576	5.22088	-27.12339	-2.60223	33.3	32.87877	2.73990	-1.8	0.9	3.50556	-5.12821	38.92829	2.77778	22.60	-8.46564	-0.70547	1.61	-0.16	3.11795	7.67032	-8.11721	-0.70299	752.58	24.41963	2.03497	15.83	15.16	6.62351	2.14863	27.65950	2.05582	21.3	-44.24464	-3.68705	0.9	-0.8	3.05871	4.41176	-35.75372	-3.61991
2019-05-01	26.2	0.00000	0.00000	1.3	0.0	3.26576	5.22088	0.00000	0.00000	31.9	-51.54166	-4.29514	-2.9	-1.4	3.46261	-8.33333	-40.27483	-4.20420	22.48	-6.38866	-0.53239	1.28	-0.12	3.11263	6.03774	-6.18886	-0.53097	717.11	-57.93367	-4.82781	-20.65	-35.47	6.57523	-2.79901	-43.97301	-4.71312	21.3	0.00000	0.00000	0.9	0.0	3.05871	4.41176	0.00000	0.00000
2019-06-01	25.8	-18.46190	-1.53849	1.4	-0.4	3.25037	5.73770	-16.85790	-1.52672	33.5	58.72731	4.89394	-0.5	1.6	3.51155	-1.47059	79.90759	5.01567	23.73	64.93685	5.41140	0.16	1.25	3.16674	0.67883	91.43316	5.56050	794.96	123.67506	10.30626	-6.42	77.85	6.67829	-0.80112	244.44031	10.85608	20.9	-22.74950	-1.89579	1.0	-0.4	3.03975	5.02513	-20.34736	-1.87793
2019-07-01	26.0	9.26646	0.77220	1.6	0.2	3.25810	6.55738	9.70937	0.77519	32.2	-47.49478	-3.95790	-1.2	-1.3	3.47197	-3.59281	-37.80825	-3.88060	22.79	-48.50187	-4.04182	-0.62	-0.94	3.12632	-2.64844	-38.43143	-3.96123	733.84	-96.00093	-8.00008	-48.05	-61.12	6.59829	-6.14537	-61.71107	-7.68844	21.1	11.42866	0.95239	1.1	0.2	3.04927	5.50000	12.10734	0.95694
2019-08-01	26.6	27.37761	2.28147	1.8	0.6	3.28091	7.25806	31.49204	2.30769	33.0	29.44933	2.45411	-0.5	0.8	3.49651	-1.49254	34.24460	2.48447	23.80	52.03648	4.33637	-0.47	1.01	3.16969	-1.93655	68.26414	4.43177	785.40	81.48255	6.79021	-27.65	51.56	6.66619	-3.40077	125.87814	7.02605	21.6	28.10433	2.34203	1.4	0.5	3.07269	6.93069	32.45109	2.36967
2019-09-01	26.7	4.50282	0.37523	1.9	0.1	3.28466	7.66129	4.60574	0.37594	34.5	53.34212	4.44518	-0.6	1.5	3.54096	-1.70940	70.47546	4.54545	23.30	-25.47866	-2.12322	-1.30	-0.50	3.14845	-5.28455	-22.49181	-2.10084	803.85	27.86345	2.32195	-59.61	18.45	6.68941	-6.90362	32.13243	2.34912	21.7	5.54274	0.46189	1.5	0.1	3.07731	7.42574	5.69922	0.46296
2019-10-01	27.0	13.40796	1.11733	1.8	0.3	3.29584	7.14286	14.34838	1.12360	35.0	17.26648	1.43887	0.2	0.5	3.55535	0.57471	18.84677	1.44928	23.32	1.02960	0.08580	-1.04	0.02	3.14931	-4.26929	1.03492	0.08584	816.20	18.29609	1.52467	-31.53	12.35	6.70466	-3.71934	20.07674	1.53636	22.0	16.47623	1.37302	1.5	0.3	3.09104	7.31707	17.91128	1.38249
2019-11-01	27.6	26.37469	2.19789	2.3	0.6	3.31782	9.09091	30.17986	2.22222	33.5	-52.56315	-4.38026	-0.9	-1.5	3.51155	-2.61628	-40.88181	-4.28571	24.16	42.46441	3.53870	0.94	0.84	3.18470	4.04823	52.90462	3.60206	809.36	-10.09873	-0.84156	10.59	-6.84	6.69624	1.32579	-9.60555	-0.83803	22.5	26.96743	2.24729	1.8	0.5	3.11352	8.69565	30.95378	2.27273
2019-12-01	27.7	4.33997	0.36166	2.2	0.1	3.32143	8.62745	4.43552	0.36232	34.3	28.31990	2.35999	1.7	0.8	3.53515	5.21472	32.73693	2.38806	24.26	4.95664	0.41305	0.00	0.10	3.18883	0.00000	5.08153	0.41391	832.12	33.27942	2.77328	41.24	22.76	6.72398	5.21444	39.48602	2.81210	22.6	5.32152	0.44346	1.8	0.1	3.11795	8.65385	5.46565	0.44444
2020-01-01	27.6	-4.33997	-0.36166	1.2	-0.1	3.31782	4.54545	-4.24714	-0.36101	34.3	0.00000	0.00000	1.1	0.0	3.53515	3.31325	0.00000	0.00000	23.40	-43.31146	-3.60929	-0.23	-0.86	3.15274	-0.97334	-35.15138	-3.54493	802.62	-43.31434	-3.60953	18.10	-29.50	6.68788	2.30714	-35.15325	-3.54516	22.5	-5.32152	-0.44346	0.8	-0.1	3.11352	3.68664	-5.18240	-0.44248
2020-02-01	27.8	8.66430	0.72202	1.0	0.2	3.32504	3.73134	9.05073	0.72464	35.2	31.08087	2.59007	1.5	0.9	3.56105	4.45104	36.45282	2.62391	23.76	18.32097	1.52675	0.03	0.36	3.16800	0.12642	20.10662	1.53846	836.35	49.39897	4.11658	36.65	33.73	6.72905	4.58297	63.88417	4.20249	22.7	10.61954	0.88496	0.7	0.2	3.12236	3.18182	11.20391	0.88889
2020-03-01	28.0	8.60219	0.71685	1.1	0.2	3.33220	4.08922	8.98302	0.71942	35.7	16.92553	1.41046	3.3	0.5	3.57515	10.18519	18.44225	1.42045	23.40	-18.32097	-1.52675	0.64	-0.36	3.15274	2.81195	-16.74064	-1.51515	835.38	-1.39257	-0.11605	97.96	-0.97	6.72789	13.28415	-1.38292	-0.11598	22.8	5.27473	0.43956	0.7	0.1	3.12676	3.16742	5.41633	0.44053
2020-04-01	24.2	-175.02225	-14.58519	-2.0	-3.8	3.18635	-7.63359	-82.62647	-13.57143	35.2	-16.92553	-1.41046	1.9	-0.5	3.56105	5.70571	-15.57067	-1.40056	23.22	-9.26646	-0.77220	0.62	-0.18	3.14501	2.74336	-8.85008	-0.76923	817.34	-26.19786	-2.18315	64.76	-18.04	6.70606	8.60507	-23.04725	-2.15950	19.5	-187.61528	-15.63461	-1.8	-3.3	2.97041	-8.45070	-84.68217	-14.47368
2020-05-01	25.3	53.34212	4.44518	-0.9	1.1	3.23080	-3.43511	70.47546	4.54545	36.7	50.07681	4.17307	4.8	1.5	3.60278	15.04702	64.99881	4.26136	23.44	11.31599	0.94300	0.96	0.22	3.15444	4.27046	11.98109	0.94746	860.25	61.40146	5.11679	143.14	42.91	6.75722	19.96068	84.78348	5.24996	20.6	65.85193	5.48766	-0.7	1.1	3.02529	-3.28638	93.19297	5.64103
2020-06-01	26.2	41.94602	3.49550	0.4	0.9	3.26576	1.55039	52.11402	3.55731	37.4	22.67274	1.88939	3.9	0.7	3.62167	11.64179	25.44878	1.90736	23.43	-0.51205	-0.04267	-0.30	-0.01	3.15402	-1.26422	-0.51075	-0.04266	876.28	22.15516	1.84626	81.32	16.03	6.77569	10.22945	24.80116	1.86341	21.4	45.71982	3.80998	0.5	0.8	3.06339	2.39234	57.96419	3.88350
2020-07-01	25.8	-18.46190	-1.53849	-0.2	-0.4	3.25037	-0.76923	-16.85790	-1.52672	38.4	31.66411	2.63868	6.2	1.0	3.64806	19.25466	37.25098	2.67380	23.41	-1.02477	-0.08540	0.62	-0.02	3.15316	2.72049	-1.01953	-0.08536	898.94	30.63674	2.55306	165.10	22.66	6.80122	22.49809	35.84813	2.58593	21.0	-22.64218	-1.88685	-0.1	-0.4	3.04452	-0.47393	-20.26183	-1.86916
2020-08-01	25.8	0.00000	0.00000	-0.8	0.0	3.25037	-3.00752	0.00000	0.00000	38.9	15.52415	1.29368	5.9	0.5	3.66099	17.87879	16.79400	1.30208	23.55	7.15505	0.59625	-0.25	0.14	3.15913	-1.05042	7.41724	0.59804	916.10	22.69109	1.89092	130.70	17.16	6.82013	16.64120	25.47180	1.90891	21.0	0.00000	0.00000	-0.6	0.0	3.04452	-2.77778	0.00000	0.00000
2020-09-01	25.9	4.64217	0.38685	-0.8	0.1	3.25424	-2.99625	4.75161	0.38760	36.7	-69.86099	-5.82175	2.2	-2.2	3.60278	6.37681	-50.27239	-5.65553	22.85	-36.20964	-3.01747	-0.45	-0.70	3.12895	-1.93133	-30.37848	-2.97240	838.60	-106.07003	-8.83917	34.75	-77.50	6.73173	4.32295	-65.37867	-8.45978	21.1	5.70072	0.47506	-0.6	0.1	3.04927	-2.76498	5.86635	0.47619
2020-10-01	26.3	18.39116	1.53260	-0.7	0.4	3.26957	-2.59259	20.19096	1.54440	38.6	60.57063	5.04755	3.6	1.9	3.65325	10.28571	83.25460	5.17711	22.07	-41.67828	-3.47319	-1.25	-0.78	3.09422	-5.36021	-34.08359	-3.41357	851.90	18.88238	1.57353	35.70	13.30	6.74747	4.37393	20.78281	1.58598	21.4	16.94146	1.41179	-0.6	0.3	3.06339	-2.72727	18.46112	1.42180
2020-11-01	26.3	0.00000	0.00000	-1.3	0.0	3.26957	-4.71014	0.00000	0.00000	36.7	-60.57063	-5.04755	3.2	-1.9	3.60278	9.55224	-45.43111	-4.92228	22.21	7.58810	0.63234	-1.95	0.14	3.10054	-8.07119	7.88342	0.63435	815.11	-52.97529	-4.41461	5.75	-36.79	6.70332	0.71044	-41.12496	-4.31858	21.4	0.00000	0.00000	-1.1	0.0	3.06339	-4.88889	0.00000	0.00000
2020-12-01	26.8	22.59954	1.88329	-0.9	0.5	3.28840	-3.24910	25.35699	1.90114	39.5	88.22870	7.35239	5.2	2.8	3.67630	15.16035	141.64197	7.62943	22.05	-8.67604	-0.72300	-2.21	-0.16	3.09331	-9.10965	-8.31033	-0.72040	870.98	79.55513	6.62959	38.86	55.87	6.76962	4.67000	121.56621	6.85429	21.9	27.71486	2.30957	-0.7	0.5	3.08649	-3.09735	31.93624	2.33645
2021-01-01	26.1	-31.75989	-2.64666	-1.5	-0.7	3.26194	-5.43478	-27.21053	-2.61194	39.2	-9.14871	-0.76239	4.9	-0.3	3.66868	14.28571	-8.74269	-0.75949	21.88	-9.28755	-0.77396	-1.52	-0.17	3.08557	-6.49573	-8.86930	-0.77098	857.70	-18.43755	-1.53646	55.08	-13.28	6.75425	6.86253	-16.83765	-1.52472	21.2	-38.98255	-3.24855	-1.3	-0.7	3.05400	-5.77778	-32.28249	-3.19635
2021-02-01	26.4	13.71443	1.14287	-1.4	0.3	3.27336	-5.03597	14.69937	1.14943	39.7	15.20933	1.26744	4.5	0.5	3.68135	12.78409	16.42688	1.27551	22.09	11.46245	0.95520	-1.67	0.21	3.09513	-7.02862	12.14522	0.95978	876.97	26.66208	2.22184	40.62	19.27	6.77647	4.85682	30.55452	2.24671	21.4	11.26769	0.93897	-1.3	0.2	3.06339	-5.72687	11.92702	0.94340
